   0.07
   1.08
   2.08
   3.08
   4.08
   5.08
   6.08
   7.08
   8.07
   9.07
  10.08
  11.08
  12.09
  13.08
  14.08
  15.09
  16.08
  17.08
  18.08
  19.08
  20.07
  21.07
  22.07
  23.07
  24.07
  25.08
  26.07
  27.07
  28.08
  29.09
  30.08
  31.07
  32.08
  33.08
  34.08
  35.06
  36.05
  37.09
  38.09
  39.08
  40.06
  41.06
  42.08
  43.08
  44.10
  45.09
  46.09
  47.09
  48.08
  49.09
  50.06
  51.09
  52.08
  53.08
  54.09
  55.09
  56.08
  57.08
  58.08
  59.08
  60.08
  61.09
  62.09
  63.09
  64.07
  65.08
  66.07
  67.07
  68.11
  69.10
  70.09
  71.08
  72.08
  73.09
  74.08
  75.07
  76.08
  77.08
  78.07
  79.08
  80.09
  81.09
  82.08
  83.08
  84.08
  85.08
  86.09
  87.09
  88.09
  89.08
  90.07
  91.07
  92.08
  93.07
  94.07
  95.07
  96.08
  97.08
  98.09
  99.09
 100.09
 101.09
 102.09
 103.07
 104.09
 105.09
 106.09
 107.09
 108.08
 109.08
 110.08
 111.09
 112.08
 113.09
 114.08
 115.07
 116.07
 117.06
 118.08
 119.08
 120.07
 121.07
 122.08
 123.09
 124.09
 125.09
 126.09
 127.08
 128.07
 129.08
 130.08
 131.08
 132.08
 133.09
 134.08
 135.08
 136.07
 137.07
 138.08
 139.08
 140.08
 141.09
 142.08
 143.09
 144.10
 145.09
 146.07
 147.09
 148.08
 149.07
 150.07
 151.07
 152.08
 153.09
 154.09
 155.09
 156.08
 157.08
 158.08
 159.09
 160.10
 161.10
 162.08
 163.07
 164.08
 165.07
 166.06
 167.07
 168.07
 169.08
 170.07
 171.08
 172.09
 173.09
 174.08
 175.09
 176.08
 177.07
 178.09
 179.09
 180.07
 181.08
 182.09
 183.08
 184.09
 185.08
 186.08
 187.08
 188.07
 189.08
 190.08
 191.07
 192.07
 193.08
 194.09
 195.07
 196.09
 197.08
 198.08
 199.07
 200.09
 201.08
 202.09
 203.08
 204.08
 205.08
 206.08
 207.08
 208.07
 209.09
 210.08
 211.07
 212.08
 213.09
 214.09
 215.10
 216.09
 217.09
 218.08
 219.07
 220.08
 221.08
 222.08
 223.08
 224.09
 225.09
 226.07
 227.08
 228.08
 229.06
 230.08
 231.08
 232.08
 233.08
 234.08
 235.10
 236.10
 237.08
 238.09
 239.09
 240.08
 241.08
 242.09
 243.08
 244.08
 245.09
 246.09
 247.09
 248.07
 249.07
 250.08
 251.07
 252.07
 253.08
 254.08
 255.09
 256.07
 257.07
 258.08
 259.08
 260.08
 261.09
 262.08
 263.09
 264.06
 265.08
 266.07
 267.07
 268.07
 269.09
 270.09
 271.08
 272.08
 273.07
 274.07
 275.08
 276.08
 277.08
 278.07
 279.07
 280.09
 281.10
 282.08
 283.08
 284.08
 285.08
 286.08
 287.09
 288.08
 289.08
 290.09
 291.09
 292.08
 293.07
 294.08
 295.08
 296.08
 297.09
 298.09
 299.08
 300.09
 301.09
 302.08
 303.08
 304.08
 305.07
 306.07
 307.08
 308.08
 309.08
 310.08
 311.09
 312.09
 313.09
 314.09
 315.08
 316.07
 317.08
 318.08
 319.09
 320.09
 321.08
 322.08
 323.08
 324.09
 325.08
 326.08
 327.09
 328.09
 329.10
 330.08
 331.08
 332.09
 333.09
 334.08
 335.08
 336.08
 337.09
 338.08
 339.08
 340.06
 341.07
 342.07
 343.08
 344.08
 345.09
 346.09
 347.09
 348.07
 349.07
 350.08
 351.08
 352.08
 353.08
 354.12
 355.11
 356.09
 357.08
 358.08
 359.08
