   0.45
   1.45
   2.46
   3.44
   4.45
   5.45
   6.45
   7.46
   8.44
   9.45
  10.44
  11.47
  12.45
  13.44
  14.44
  15.45
  16.45
  17.45
  18.44
  19.44
  20.43
  21.43
  22.46
  23.45
  24.46
  25.45
  26.45
  27.45
  28.44
  29.45
  30.45
  31.43
  32.45
  33.47
  34.46
  35.44
  36.44
  37.46
  38.44
  39.44
  40.47
  41.44
  42.45
  43.43
  44.45
  45.46
  46.44
  47.46
  48.44
  49.43
  50.45
  51.44
  52.45
  53.45
  54.43
  55.47
  56.44
  57.46
  58.44
  59.42
  60.45
  61.45
  62.45
  63.46
  64.43
  65.43
  66.43
  67.45
  68.46
  69.45
  70.44
  71.44
  72.43
  73.45
  74.45
  75.45
  76.45
  77.44
  78.46
  79.44
  80.44
  81.44
  82.44
  83.44
  84.46
  85.47
  86.44
  87.44
  88.43
  89.45
  90.43
  91.47
  92.46
  93.46
  94.43
  95.42
  96.45
  97.47
  98.46
  99.46
 100.44
 101.43
 102.44
 103.42
 104.46
 105.44
 106.45
 107.44
 108.44
 109.45
 110.45
 111.44
 112.46
 113.43
 114.44
 115.44
 116.44
 117.47
 118.44
 119.44
 120.41
 121.43
 122.45
 123.47
 124.44
 125.42
 126.44
 127.46
 128.44
 129.46
 130.45
 131.43
 132.44
 133.46
 134.44
 135.45
 136.45
 137.43
 138.45
 139.44
 140.46
 141.43
 142.45
 143.44
 144.46
 145.46
 146.43
 147.43
 148.46
 149.44
 150.45
 151.43
 152.44
 153.45
 154.43
 155.44
 156.45
 157.46
 158.45
 159.45
 160.46
 161.45
 162.45
 163.45
 164.47
 165.44
 166.45
 167.43
 168.43
 169.45
 170.46
 171.44
 172.46
 173.45
 174.44
 175.45
 176.43
 177.44
 178.44
 179.45
 180.46
 181.45
 182.46
 183.45
 184.44
 185.46
 186.45
 187.44
 188.42
 189.43
 190.44
 191.47
 192.48
 193.46
 194.43
 195.43
 196.43
 197.44
 198.46
 199.46
 200.45
 201.45
 202.45
 203.44
 204.45
 205.46
 206.46
 207.46
 208.44
 209.45
 210.45
 211.44
 212.45
 213.43
 214.46
 215.45
 216.46
 217.45
 218.43
 219.45
 220.45
 221.43
 222.45
 223.45
 224.45
 225.46
 226.44
 227.43
 228.43
 229.46
 230.47
 231.45
 232.45
 233.43
 234.44
 235.44
 236.45
 237.44
 238.44
 239.45
 240.44
 241.44
 242.44
 243.45
 244.45
 245.45
 246.44
 247.44
 248.46
 249.43
 250.45
 251.46
 252.45
 253.46
 254.46
 255.42
 256.42
 257.43
 258.48
 259.47
 260.45
 261.46
 262.42
 263.46
 264.44
 265.45
 266.47
 267.45
 268.43
 269.46
 270.44
 271.45
 272.43
 273.45
 274.46
 275.46
 276.46
 277.47
 278.45
 279.45
 280.44
 281.42
 282.45
 283.43
 284.44
 285.45
 286.45
 287.44
 288.44
 289.45
 290.43
 291.43
 292.44
 293.44
 294.46
 295.46
 296.45
 297.48
 298.44
 299.45
 300.45
 301.44
 302.44
 303.44
 304.44
 305.43
 306.44
 307.49
 308.45
 309.46
 310.42
 311.45
 312.45
 313.46
 314.44
 315.43
 316.45
 317.45
 318.47
 319.44
 320.43
 321.44
 322.45
 323.46
 324.45
 325.45
 326.44
 327.45
 328.45
 329.44
 330.45
 331.43
 332.42
 333.45
 334.45
 335.45
 336.44
 337.44
 338.47
 339.45
 340.45
 341.45
 342.42
 343.45
 344.46
 345.47
 346.46
 347.45
 348.43
 349.44
 350.43
 351.46
 352.46
 353.45
 354.45
 355.45
 356.44
 357.43
 358.45
 359.47
