   0.45
   1.48
   2.47
   3.46
   4.45
   5.47
   6.46
   7.46
   8.45
   9.47
  10.44
  11.45
  12.46
  13.46
  14.45
  15.45
  16.47
  17.44
  18.49
  19.48
  20.45
  21.44
  22.45
  23.41
  24.45
  25.46
  26.47
  27.46
  28.45
  29.44
  30.45
  31.46
  32.44
  33.46
  34.45
  35.47
  36.45
  37.45
  38.45
  39.44
  40.44
  41.46
  42.45
  43.47
  44.46
  45.46
  46.45
  47.43
  48.47
  49.48
  50.47
  51.45
  52.45
  53.44
  54.45
  55.45
  56.47
  57.45
  58.45
  59.45
  60.46
  61.45
  62.46
  63.46
  64.45
  65.44
  66.46
  67.45
  68.45
  69.46
  70.46
  71.45
  72.47
  73.44
  74.44
  75.45
  76.45
  77.46
  78.46
  79.46
  80.44
  81.45
  82.46
  83.44
  84.45
  85.45
  86.47
  87.40
  88.42
  89.46
  90.46
  91.47
  92.46
  93.44
  94.44
  95.47
  96.44
  97.47
  98.45
  99.45
 100.47
 101.48
 102.46
 103.44
 104.45
 105.45
 106.44
 107.47
 108.47
 109.46
 110.43
 111.44
 112.45
 113.46
 114.46
 115.44
 116.46
 117.46
 118.45
 119.45
 120.45
 121.47
 122.47
 123.47
 124.45
 125.46
 126.45
 127.44
 128.47
 129.45
 130.46
 131.45
 132.43
 133.46
 134.46
 135.47
 136.43
 137.46
 138.45
 139.47
 140.46
 141.47
 142.46
 143.46
 144.45
 145.45
 146.46
 147.44
 148.47
 149.46
 150.47
 151.46
 152.44
 153.45
 154.45
 155.45
 156.44
 157.47
 158.47
 159.47
 160.42
 161.46
 162.45
 163.47
 164.47
 165.46
 166.43
 167.46
 168.45
 169.46
 170.46
 171.46
 172.47
 173.46
 174.45
 175.46
 176.45
 177.46
 178.43
 179.46
 180.45
 181.47
 182.46
 183.47
 184.46
 185.45
 186.45
 187.45
 188.45
 189.47
 190.47
 191.46
 192.47
 193.44
 194.47
 195.48
 196.44
 197.46
 198.43
 199.48
 200.47
 201.45
 202.45
 203.45
 204.47
 205.48
 206.46
 207.45
 208.45
 209.47
 210.45
 211.46
 212.46
 213.46
 214.46
 215.44
 216.47
 217.45
 218.46
 219.44
 220.46
 221.47
 222.45
 223.46
 224.44
 225.46
 226.45
 227.45
 228.44
 229.49
 230.48
 231.47
 232.44
 233.46
 234.43
 235.46
 236.45
 237.46
 238.46
 239.44
 240.47
 241.48
 242.45
 243.44
 244.43
 245.45
 246.45
 247.47
 248.45
 249.45
 250.47
 251.45
 252.46
 253.45
 254.45
 255.43
 256.46
 257.44
 258.46
 259.48
 260.46
 261.46
 262.46
 263.46
 264.44
 265.46
 266.46
 267.45
 268.46
 269.46
 270.45
 271.45
 272.45
 273.48
 274.47
 275.45
 276.45
 277.47
 278.45
 279.46
 280.45
 281.45
 282.47
 283.47
 284.44
 285.46
 286.45
 287.45
 288.45
 289.47
 290.46
 291.44
 292.45
 293.46
 294.45
 295.46
 296.46
 297.45
 298.44
 299.47
 300.47
 301.46
 302.47
 303.46
 304.46
 305.45
 306.44
 307.47
 308.45
 309.46
 310.45
 311.45
 312.46
 313.45
 314.48
 315.46
 316.44
 317.43
 318.47
 319.47
 320.48
 321.47
 322.44
 323.48
 324.44
 325.44
 326.46
 327.46
 328.47
 329.45
 330.44
 331.46
 332.44
 333.47
 334.46
 335.45
 336.46
 337.45
 338.47
 339.46
 340.47
 341.46
 342.45
 343.45
 344.47
 345.47
 346.45
 347.45
 348.46
 349.47
 350.45
 351.47
 352.45
 353.45
 354.47
 355.46
 356.46
 357.44
 358.47
 359.44
