   1.00
   2.00
   3.00
   4.00
   5.00
   6.00
   7.00
   7.99
   8.99
   9.99
  11.01
  12.00
  13.00
  14.00
  15.00
  15.99
  17.00
  18.00
  18.99
  19.99
  20.99
  22.01
  23.00
  24.01
  25.00
  26.00
  27.01
  27.98
  29.00
  30.01
  31.01
  31.99
  33.00
  34.00
  35.01
  36.01
  37.00
  38.00
  39.00
  40.01
  41.00
  42.02
  43.01
  44.00
  45.00
  46.01
  47.00
  48.00
  49.00
  50.00
  51.00
  52.00
  52.99
  54.00
  55.00
  56.00
  57.01
  58.02
  59.00
  60.00
  61.00
  62.00
  63.00
  64.00
  65.00
  66.00
  67.01
  68.00
  68.98
  70.01
  71.00
  71.99
  72.99
  74.00
  75.00
  76.00
  77.00
  78.01
  78.99
  80.00
  81.00
  82.00
  83.01
  84.00
  85.00
  86.00
  87.00
  88.00
  89.00
  90.00
  91.00
  91.99
  93.00
  94.00
  95.00
  96.01
  97.00
  98.01
  99.00
 100.00
 101.00
 101.99
 103.00
 103.99
 105.00
 106.00
 107.00
 108.00
 109.01
 110.00
 111.00
 112.00
 112.98
 114.01
 115.01
 116.00
 117.00
 118.00
 119.01
 120.00
 120.99
 121.98
 123.00
 123.99
 125.01
 126.00
 126.99
 128.00
 128.99
 130.01
 131.01
 132.01
 133.03
 134.00
 135.01
 135.99
 136.99
 138.00
 139.01
 140.01
 141.00
 142.00
 143.00
 143.99
 144.99
 146.00
 147.01
 148.00
 149.00
 149.99
 151.00
 152.00
 153.01
 154.00
 155.00
 156.00
 157.01
 158.00
 159.00
 160.00
 161.00
 162.00
 163.00
 163.99
 165.00
 165.99
 166.99
 168.01
 169.00
 169.99
 171.00
 171.98
 173.00
 174.00
 175.00
 176.00
 176.99
 177.99
 179.00
 180.00
 181.00
 182.00
 183.00
 184.00
 185.00
 186.01
 186.99
 187.99
 189.00
 189.99
 190.99
 192.00
 192.99
 193.99
 195.00
 196.01
 197.01
 198.01
 199.00
 200.00
 201.00
 202.01
 203.01
 204.00
 205.01
 206.00
 207.00
 208.01
 209.00
 210.00
 211.00
 211.99
 213.01
 214.00
 215.00
 216.02
 217.00
 218.00
 219.01
 220.00
 221.00
 221.99
 222.99
 223.99
 224.99
 225.99
 226.99
 228.01
 229.00
 230.00
 231.00
 232.00
 233.00
 233.99
 235.00
 235.99
 237.01
 238.01
 238.99
 240.01
 241.01
 241.99
 243.00
 244.01
 245.00
 246.00
 247.00
 247.99
 249.01
 250.00
 251.00
 252.00
 253.00
 254.00
 255.00
 256.00
 256.99
 258.00
 259.01
 260.01
 261.00
 261.99
 263.01
 264.01
 265.00
 266.00
 266.99
 267.99
 268.99
 270.01
 271.00
 272.00
 272.99
 273.97
 275.00
 276.01
 276.99
 277.99
 279.00
 280.01
 281.01
 282.01
 283.00
 284.00
 285.01
 286.00
 287.00
 288.00
 289.01
 290.00
 291.00
 292.00
 293.02
 294.00
 295.00
 296.00
 297.01
 297.99
 298.99
 299.99
 301.00
 301.99
 302.99
 304.01
 305.00
 306.00
 307.00
 308.01
 309.00
 309.99
 311.00
 312.00
 313.01
 314.00
 315.00
 316.01
 317.01
 317.99
 319.00
 320.00
 321.01
 322.00
 323.00
 324.01
 324.99
 326.02
 327.00
 328.00
 329.00
 330.00
 331.00
 332.00
 332.99
 334.00
 334.99
 336.00
 336.99
 338.00
 339.00
 340.00
 341.00
 342.00
 343.00
 344.00
 344.99
 346.00
 347.00
 348.01
 349.00
 350.00
 351.00
 352.01
 353.01
 354.00
 355.02
 356.00
 356.99
 357.99
 358.99
 360.00
