   0.46
   1.46
   2.46
   3.44
   4.44
   5.46
   6.45
   7.47
   8.46
   9.46
  10.47
  11.46
  12.41
  13.44
  14.45
  15.45
  16.45
  17.46
  18.46
  19.46
  20.45
  21.47
  22.45
  23.45
  24.44
  25.46
  26.44
  27.45
  28.45
  29.47
  30.46
  31.43
  32.46
  33.46
  34.46
  35.46
  36.47
  37.42
  38.45
  39.47
  40.45
  41.46
  42.47
  43.46
  44.45
  45.46
  46.46
  47.44
  48.46
  49.44
  50.47
  51.46
  52.44
  53.46
  54.45
  55.45
  56.45
  57.46
  58.47
  59.45
  60.47
  61.44
  62.45
  63.45
  64.46
  65.45
  66.47
  67.44
  68.46
  69.46
  70.46
  71.47
  72.46
  73.45
  74.47
  75.45
  76.46
  77.43
  78.44
  79.47
  80.46
  81.46
  82.44
  83.46
  84.45
  85.45
  86.45
  87.44
  88.46
  89.48
  90.46
  91.46
  92.46
  93.47
  94.43
  95.45
  96.45
  97.46
  98.47
  99.46
 100.43
 101.45
 102.47
 103.45
 104.47
 105.45
 106.46
 107.45
 108.45
 109.47
 110.47
 111.44
 112.44
 113.45
 114.43
 115.45
 116.47
 117.46
 118.46
 119.47
 120.46
 121.44
 122.45
 123.45
 124.47
 125.48
 126.46
 127.44
 128.45
 129.44
 130.44
 131.47
 132.45
 133.48
 134.45
 135.47
 136.45
 137.46
 138.46
 139.45
 140.45
 141.45
 142.46
 143.45
 144.46
 145.46
 146.45
 147.44
 148.45
 149.47
 150.47
 151.47
 152.44
 153.47
 154.44
 155.45
 156.44
 157.47
 158.45
 159.47
 160.47
 161.46
 162.47
 163.44
 164.45
 165.46
 166.46
 167.46
 168.45
 169.46
 170.46
 171.46
 172.46
 173.45
 174.45
 175.46
 176.46
 177.45
 178.44
 179.45
 180.45
 181.47
 182.47
 183.47
 184.43
 185.44
 186.46
 187.46
 188.46
 189.45
 190.45
 191.45
 192.47
 193.43
 194.48
 195.46
 196.47
 197.45
 198.45
 199.45
 200.44
 201.46
 202.47
 203.45
 204.47
 205.46
 206.46
 207.45
 208.45
 209.46
 210.45
 211.46
 212.46
 213.45
 214.45
 215.46
 216.45
 217.45
 218.43
 219.46
 220.49
 221.47
 222.45
 223.45
 224.46
 225.45
 226.47
 227.45
 228.46
 229.46
 230.47
 231.47
 232.44
 233.46
 234.45
 235.44
 236.46
 237.45
 238.45
 239.45
 240.47
 241.46
 242.45
 243.46
 244.46
 245.46
 246.45
 247.47
 248.46
 249.46
 250.47
 251.46
 252.44
 253.46
 254.45
 255.47
 256.46
 257.46
 258.47
 259.41
 260.43
 261.45
 262.46
 263.44
 264.47
 265.45
 266.46
 267.47
 268.45
 269.45
 270.45
 271.48
 272.45
 273.47
 274.45
 275.44
 276.46
 277.46
 278.47
 279.47
 280.45
 281.44
 282.44
 283.47
 284.45
 285.46
 286.45
 287.45
 288.46
 289.45
 290.46
 291.46
 292.46
 293.44
 294.46
 295.46
 296.45
 297.46
 298.45
 299.47
 300.46
 301.48
 302.46
 303.44
 304.44
 305.46
 306.46
 307.45
 308.45
 309.46
 310.45
 311.45
 312.45
 313.46
 314.45
 315.47
 316.46
 317.46
 318.44
 319.45
 320.46
 321.46
 322.46
 323.45
 324.45
 325.45
 326.46
 327.47
 328.47
 329.44
 330.42
 331.46
 332.46
 333.44
 334.45
 335.46
 336.44
 337.45
 338.44
 339.46
 340.45
 341.47
 342.46
 343.44
 344.46
 345.43
 346.46
 347.47
 348.44
 349.46
 350.46
 351.46
 352.43
 353.46
 354.44
 355.44
 356.45
 357.45
 358.46
 359.47
