   0.46
   1.49
   2.47
   3.44
   4.43
   5.48
   6.49
   7.47
   8.43
   9.43
  10.44
  11.45
  12.47
  13.44
  14.43
  15.45
  16.44
  17.47
  18.47
  19.46
  20.43
  21.44
  22.44
  23.48
  24.48
  25.47
  26.44
  27.41
  28.47
  29.45
  30.45
  31.47
  32.49
  33.47
  34.46
  35.41
  36.41
  37.44
  38.47
  39.45
  40.42
  41.47
  42.48
  43.46
  44.45
  45.44
  46.45
  47.43
  48.45
  49.44
  50.46
  51.48
  52.47
  53.46
  54.46
  55.45
  56.44
  57.44
  58.45
  59.44
  60.44
  61.46
  62.46
  63.46
  64.48
  65.46
  66.47
  67.45
  68.44
  69.43
  70.42
  71.45
  72.49
  73.48
  74.46
  75.40
  76.42
  77.46
  78.49
  79.49
  80.46
  81.42
  82.45
  83.45
  84.43
  85.46
  86.46
  87.44
  88.45
  89.45
  90.43
  91.46
  92.46
  93.45
  94.44
  95.46
  96.47
  97.46
  98.44
  99.43
 100.45
 101.44
 102.45
 103.48
 104.47
 105.46
 106.44
 107.44
 108.42
 109.43
 110.45
 111.46
 112.46
 113.48
 114.46
 115.45
 116.44
 117.43
 118.46
 119.44
 120.47
 121.48
 122.46
 123.47
 124.44
 125.44
 126.44
 127.46
 128.45
 129.44
 130.44
 131.45
 132.44
 133.44
 134.46
 135.46
 136.46
 137.49
 138.45
 139.46
 140.42
 141.44
 142.45
 143.46
 144.47
 145.48
 146.46
 147.45
 148.42
 149.46
 150.47
 151.48
 152.44
 153.40
 154.42
 155.43
 156.46
 157.48
 158.44
 159.44
 160.45
 161.46
 162.49
 163.47
 164.45
 165.40
 166.45
 167.45
 168.51
 169.46
 170.44
 171.42
 172.46
 173.44
 174.47
 175.47
 176.47
 177.46
 178.44
 179.44
 180.43
 181.41
 182.46
 183.49
 184.43
 185.46
 186.46
 187.46
 188.45
 189.46
 190.46
 191.45
 192.46
 193.46
 194.43
 195.45
 196.49
 197.47
 198.42
 199.42
 200.45
 201.43
 202.47
 203.45
 204.44
 205.45
 206.47
 207.47
 208.45
 209.44
 210.45
 211.46
 212.45
 213.46
 214.43
 215.44
 216.44
 217.49
 218.45
 219.45
 220.43
 221.46
 222.46
 223.49
 224.47
 225.43
 226.41
 227.44
 228.46
 229.48
 230.46
 231.44
 232.44
 233.49
 234.46
 235.45
 236.46
 237.43
 238.44
 239.48
 240.48
 241.47
 242.42
 243.43
 244.46
 245.46
 246.46
 247.47
 248.47
 249.48
 250.46
 251.43
 252.42
 253.42
 254.47
 255.45
 256.45
 257.45
 258.46
 259.45
 260.45
 261.46
 262.45
 263.44
 264.45
 265.47
 266.47
 267.48
 268.46
 269.46
 270.46
 271.44
 272.45
 273.45
 274.44
 275.46
 276.43
 277.46
 278.48
 279.47
 280.45
 281.46
 282.45
 283.46
 284.44
 285.42
 286.43
 287.44
 288.49
 289.47
 290.46
 291.42
 292.40
 293.46
 294.50
 295.48
 296.46
 297.40
 298.42
 299.45
 300.49
 301.46
 302.45
 303.44
 304.44
 305.45
 306.46
 307.46
 308.44
 309.44
 310.45
 311.47
 312.44
 313.46
 314.45
 315.46
 316.46
 317.46
 318.46
 319.48
 320.47
 321.45
 322.42
 323.43
 324.43
 325.44
 326.45
 327.45
 328.46
 329.46
 330.44
 331.47
 332.46
 333.43
 334.45
 335.46
 336.44
 337.48
 338.45
 339.47
 340.49
 341.44
 342.46
 343.43
 344.46
 345.46
 346.44
 347.43
 348.44
 349.45
 350.48
 351.46
 352.46
 353.45
 354.45
 355.44
 356.43
 357.46
 358.45
 359.45
