   0.07
   1.06
   2.07
   3.08
   4.07
   5.07
   6.07
   7.08
   8.06
   9.06
  10.08
  11.07
  12.07
  13.07
  14.07
  15.07
  16.06
  17.08
  18.07
  19.07
  20.06
  21.06
  22.07
  23.07
  24.07
  25.06
  26.06
  27.07
  28.06
  29.06
  30.07
  31.07
  32.06
  33.06
  34.07
  35.07
  36.07
  37.07
  38.08
  39.07
  40.06
  41.07
  42.06
  43.07
  44.07
  45.07
  46.06
  47.05
  48.07
  49.08
  50.06
  51.06
  52.06
  53.06
  54.06
  55.06
  56.06
  57.08
  58.07
  59.06
  60.06
  61.07
  62.08
  63.07
  64.06
  65.06
  66.06
  67.06
  68.06
  69.07
  70.08
  71.10
  72.07
  73.07
  74.08
  75.07
  76.08
  77.07
  78.06
  79.07
  80.07
  81.07
  82.07
  83.06
