   0.06
   1.05
   2.07
   3.07
   4.06
   5.09
   6.08
   7.04
   8.03
   9.06
  10.07
  11.08
  12.08
  13.07
  14.07
  15.05
  16.06
  17.06
  18.08
  19.07
  20.06
  21.06
  22.06
  23.06
  24.07
  25.07
  26.06
  27.06
  28.06
  29.06
  30.06
  31.06
  32.07
  33.07
  34.07
  35.07
  36.08
  37.07
  38.06
  39.06
  40.06
  41.07
  42.05
  43.06
  44.07
  45.07
  46.07
  47.07
  48.06
  49.06
  50.05
  51.07
  52.06
  53.06
  54.07
  55.06
  56.06
  57.07
  58.07
  59.07
  60.07
  61.06
  62.06
  63.07
  64.07
  65.06
  66.07
  67.06
  68.06
  69.07
  70.07
  71.06
  72.06
  73.06
  74.07
  75.08
  76.07
  77.07
  78.07
  79.07
  80.07
  81.07
  82.07
  83.07
  84.07
  85.07
  86.07
  87.06
  88.07
  89.06
  90.07
  91.07
  92.06
  93.06
  94.06
  95.07
  96.07
  97.07
  98.07
  99.07
 100.07
 101.06
 102.07
 103.07
 104.06
 105.05
 106.06
 107.06
 108.07
 109.06
 110.07
 111.06
 112.05
 113.06
 114.06
 115.06
 116.07
 117.07
 118.06
 119.07
 120.06
 121.07
 122.08
 123.05
 124.06
 125.07
 126.07
 127.07
 128.06
 129.06
 130.07
 131.07
 132.07
 133.07
 134.07
 135.08
 136.07
 137.05
 138.07
 139.07
 140.07
 141.07
 142.07
 143.07
 144.07
 145.06
 146.06
 147.06
 148.06
 149.07
 150.07
 151.07
 152.06
 153.06
 154.07
 155.07
 156.06
 157.06
 158.06
 159.06
 160.05
 161.06
 162.08
 163.07
 164.08
 165.07
 166.05
 167.06
 168.06
 169.07
 170.06
 171.07
 172.08
 173.07
 174.07
 175.07
 176.08
 177.07
 178.08
 179.08
 180.07
 181.05
 182.07
 183.07
 184.08
 185.06
 186.06
 187.07
 188.07
 189.07
 190.07
 191.07
 192.07
 193.07
 194.07
 195.07
 196.06
 197.06
 198.06
 199.07
 200.07
 201.07
 202.05
 203.05
 204.07
 205.06
 206.07
 207.08
 208.07
 209.07
 210.07
 211.08
 212.06
 213.06
 214.07
 215.08
 216.07
 217.07
 218.07
 219.07
 220.08
 221.07
 222.07
 223.07
 224.07
 225.06
 226.07
 227.07
 228.07
 229.07
 230.07
 231.07
 232.08
 233.06
 234.06
 235.07
 236.07
 237.07
 238.07
 239.07
 240.06
 241.06
 242.07
 243.07
 244.07
 245.06
 246.06
 247.07
 248.07
 249.07
 250.08
 251.06
 252.06
 253.07
 254.07
 255.06
 256.06
 257.07
 258.08
 259.07
 260.06
 261.07
 262.07
 263.08
 264.08
 265.07
 266.07
 267.07
 268.07
 269.07
 270.07
 271.07
 272.06
 273.06
 274.06
 275.07
 276.07
 277.08
 278.07
 279.06
 280.06
 281.07
 282.07
 283.07
 284.07
 285.07
 286.06
 287.07
 288.07
 289.07
 290.07
 291.06
 292.07
 293.07
 294.07
 295.06
 296.08
 297.08
 298.06
 299.07
 300.08
 301.07
 302.06
 303.06
 304.07
 305.07
 306.07
 307.07
 308.07
 309.08
 310.07
 311.06
 312.07
 313.06
 314.07
 315.05
 316.05
 317.07
 318.07
 319.06
 320.06
 321.06
 322.07
 323.08
 324.07
 325.07
 326.06
 327.06
 328.06
 329.06
 330.06
 331.06
 332.06
 333.07
 334.07
 335.06
 336.08
 337.09
 338.07
 339.07
 340.08
 341.07
 342.07
 343.08
 344.07
 345.09
 346.07
 347.06
 348.05
 349.06
 350.07
 351.07
 352.06
 353.07
 354.08
 355.08
 356.07
 357.07
 358.06
 359.06
