         127
      KABR         45.4600    -98.4100    397.0000     20.0000
      PAPD         65.0400   -147.5000    790.5000     30.0000
      KFCX         37.0200    -80.2700    874.4000     25.0000
      KFDR         34.3600    -98.9800    386.3000     10.0000
      KFDX         34.6400   -103.6300   1417.7000     10.0000
      KFTG         39.7900   -104.5500   1675.9000     30.0000
      KGRB         44.5000    -88.1100    207.9000     30.0000
      KGSP         34.8800    -82.2200    286.6000     30.0000
      KHGX         29.4700    -95.0800      5.5000     25.0000
      KHNX         36.3100   -119.6300     74.1000     25.0000
      KHPX         36.7400    -87.2900    175.6000     10.0000
      KHTX         34.9300    -86.0800    536.6000     15.0000
      KJAX         30.4800    -81.7000     10.1000     25.0000
      KLBB         33.6500   -101.8100    993.6000     20.0000
      KLNX         41.9600   -100.5800    905.5000     25.0000
      KLRX         40.7400   -116.8000   2056.1001     30.0000
      KLSX         38.7000    -90.6800    185.4000     30.0000
      KLVX         37.9800    -85.9400    219.2000     30.0000
      KATX         48.1900   -122.4900    150.6000     30.0000
      KMHX         34.7800    -76.8800      9.5000     30.0000
      KMKX         42.9700    -88.5500    292.1000     15.0000
      KMPX         44.8500    -93.5700    288.4000     30.0000
      KMTX         41.2600   -112.4500   1969.5000     30.0000
      KMVX         47.5300    -97.3300    300.6000     25.0000
      KMXX         32.5400    -85.7900    122.0000     30.0000
      KNQA         35.3500    -89.8700     86.0000     25.0000
      KOHX         36.2500    -86.5600    176.5000     25.0000
      KPAH         37.0700    -88.7700    119.5000     30.0000
      KPBZ         40.5300    -80.2200    361.3000     20.0000
      KSJT         31.3700   -100.4900    576.2000     30.0000
      KTLH         30.4000    -84.3300     19.2000     30.0000
      KTLX         35.3300    -97.2800    369.8000     15.0000
      KUDX         44.1300   -102.8300    919.5000     30.0000
      KVAX         30.8900    -83.0000     54.3000     30.0000
      KVBX         34.8400   -120.4000    375.9000     25.0000
      KVWX         38.2600    -87.7200    160.2000     30.0000
      PABC         60.7900   -161.8700     49.4000      5.0000
      KBIS         46.7700   -100.7600    505.5000     25.0000
      KBLX         45.8500   -108.6100   1097.0000     15.0000
      KBMX         33.1700    -86.7700    196.6000     30.0000
      KBOX         41.9600    -71.1400     36.0000     30.0000
      PAHG         60.7300   -151.3500     73.8000     30.0000
      PAIH         59.4600   -146.3000     20.4000     15.0000
      KBYX         24.6000    -81.7000      2.4000     20.0000
      KCCX         40.9200    -78.0000    733.2000     20.0000
      KCLX         32.6600    -81.0400     29.6000     30.0000
      KCXX         44.5100    -73.1700     96.6000     30.0000
      KDIX         39.9500    -74.4100     45.4000     20.0000
      KDLH         46.8400    -92.2100    435.4000     30.0000
      KDYX         32.5400    -99.2500    462.5000     15.0000
      KEAX         38.8100    -94.2600    303.4000     25.0000
      KEMX         31.8900   -110.6300   1586.0000     30.0000
      KEOX         31.4600    -85.4600    132.3000     10.0000
      KGWX         33.9000    -88.3300    145.1000     20.0000
      KICX         37.5900   -112.8600   3231.7000     30.0000
      KMLB         28.1100    -80.6500     10.7000     20.0000
      KMOB         30.6800    -88.2400     63.4000     20.0000
      KMRX         36.1700    -83.4000    407.6000     25.0000
      KMUX         37.1600   -121.9000   1057.6000     20.0000
      KPUX         38.4600   -104.1800   1600.3000     15.0000
      KRAX         35.6700    -78.4900    106.1000     30.0000
      KSHV         32.4500    -93.8400     83.2000     30.0000
      KTBW         27.7100    -82.4000     12.5000     20.0000
      KBUF         42.9500    -78.7400    211.3000     25.0000
      PHKM         20.1300   -155.7800   1162.2000     30.0000
      KEVX         30.5600    -85.9200     42.7000     20.0000
      KFSD         43.5900    -96.7300    436.0000     15.0000
      PAEC         64.5100   -165.3000     16.5000      5.0000
      PAKC         58.6800   -156.6300     19.2000     20.0000
      KDGX         32.2800    -89.9800    155.6000     30.0000
      KFFC         33.3600    -84.5700    261.6000     30.0000
      KFWS         32.5700    -97.3000    208.2000     20.0000
      KILN         39.4200    -83.8200    322.0000     30.0000
      KILX         40.1500    -89.3400    177.4000     30.0000
      KIWX         41.3600    -85.7000    292.7000     25.0000
      KJGX         32.6800    -83.3500    158.8000     25.0000
      KLGX         47.1100   -124.1100     -8.5000     20.0000
      KLIX         30.3400    -89.8300      7.3000     30.0000
      KLOT         41.6000    -88.0800    202.1000     25.0000
      KLTX         33.9900    -78.4300     19.5000     20.0000
      KLWX         38.9800    -77.4800     82.9000     25.0000
      KLZK         34.8400    -92.2600    173.2000     20.0000
      KMAF         31.9400   -102.1900    874.4000     15.0000
      KMBX         48.3900   -100.8600    455.2000     25.0000
      KBBX         39.5000   -121.6300     52.7000     10.0000
      KBGM         42.2000    -75.9800    489.6000     25.0000
      KMQT         46.5300    -87.5500    430.2000     30.0000
      KOAX         41.3200    -96.3700    350.0000     30.0000
      KOKX         40.8700    -72.8600     25.9000     30.0000
      KPDT         45.6900   -118.8500    461.9000     15.0000
      KRLX         38.3100    -81.7200    329.3000     30.0000
      KCAE         33.9500    -81.1200     70.4000     30.0000
      KCYS         41.1500   -104.8100   1868.3000     15.0000
      KDAX         38.5000   -121.6800      9.1000     30.0000
      KDFX         29.2700   -100.2800    344.8000     20.0000
      KDMX         41.7300    -93.7200    299.1000     30.0000
      KAKQ         36.9800    -77.0100     34.1000     25.0000
      KJKL         37.5900    -83.3100    415.9000     25.0000
      KARX         43.8200    -91.1900    389.0000     20.0000
      KEPZ         31.8700   -106.7000   1251.2000     30.0000
      KCLE         41.4100    -81.8600    232.6000     25.0000
      KABX         35.1500   -106.8200   1789.6000     20.0000
      KGRR         42.8900    -85.5400    237.2000     25.0000
      KIND         39.7100    -86.2800    240.9000     25.0000
      KAMA         35.2300   -101.7100   1093.6000     20.0000
      KLCH         30.1300    -93.2200      4.0000     20.0000
      KMAX         42.0800   -122.7200   2290.5000     10.0000
      KAPX         44.9100    -84.7200    446.3000     25.0000
      KPOE         31.1600    -92.9800    124.4000     15.0000
      KTWX         39.0000    -96.2300    416.8000     10.0000
      KUEX         40.3200    -98.4400    602.4000     20.0000
      KVNX         36.7400    -98.1300    368.9000     10.0000
      PHWA         19.1000   -155.5700    417.7000     20.0000
      KDOX         38.8300    -75.4400     15.2000     30.0000
      KDVN         41.6100    -90.5800    229.9000     25.0000
      KENX         42.5900    -74.0600    556.7000     20.0000
      KOTX         47.6800   -117.6300    726.8000     15.0000
      KCBX         43.4900   -116.2300    933.2000     20.0000
      KGGW         48.2100   -106.6200    693.9000     20.0000
      KHDX         33.0800   -106.1200   1287.2000     10.0000
      KSGF         37.2400    -93.4000    389.6000     25.0000
      KDDC         37.7600    -99.9700    789.6000     20.0000
      KGJX         39.0600   -108.2100   3046.0000     15.0000
      KGLD         39.3700   -101.7000   1113.1000     15.0000
      KMSX         47.0400   -113.9900   2394.8000     10.0000
      KVTX         34.4100   -119.1800    831.1000     20.0000
      KYUX         32.5000   -114.6600     53.0000     20.0000
