   0.09
   1.09
   2.09
   3.10
   4.09
   5.08
   6.07
   7.08
   8.07
   9.07
  10.07
  11.08
  12.08
  13.08
  14.08
  15.08
  16.08
  17.07
  18.08
  19.07
  20.09
  21.09
  22.07
  23.08
  24.08
  25.08
  26.08
  27.07
  28.08
  29.08
  30.09
  31.07
  32.09
  33.09
  34.08
  35.08
  36.08
  37.08
  38.09
  39.09
  40.09
  41.09
  42.09
  43.09
  44.09
  45.10
  46.10
  47.09
  48.09
  49.08
  50.08
  51.09
  52.08
  53.08
  54.08
  55.09
  56.09
  57.08
  58.09
  59.09
  60.07
  61.08
  62.07
  63.06
  64.07
  65.09
  66.09
  67.09
  68.08
  69.07
  70.08
  71.06
  72.07
  73.06
  74.08
  75.09
  76.07
  77.08
  78.09
  79.09
  80.09
  81.09
  82.08
  83.07
  84.08
  85.08
  86.08
  87.07
  88.08
  89.10
  90.10
  91.07
  92.07
  93.07
  94.07
  95.08
  96.09
  97.08
  98.08
  99.09
 100.08
 101.08
 102.08
 103.08
 104.07
 105.06
 106.08
 107.08
 108.08
 109.09
 110.08
 111.07
 112.09
 113.10
 114.08
 115.09
 116.08
 117.08
 118.07
 119.08
 120.08
 121.08
 122.09
 123.09
 124.09
 125.10
 126.11
 127.10
 128.08
 129.08
 130.08
 131.08
 132.08
 133.10
 134.09
 135.07
 136.07
 137.07
 138.07
 139.07
 140.08
 141.08
 142.08
 143.08
 144.08
 145.09
 146.08
 147.07
 148.07
 149.08
 150.09
 151.09
 152.09
 153.08
 154.08
 155.08
 156.08
 157.09
 158.08
 159.08
 160.08
 161.09
 162.10
 163.09
 164.08
 165.08
 166.08
 167.08
 168.08
 169.07
 170.08
 171.08
 172.08
 173.08
 174.07
 175.07
 176.08
 177.08
 178.07
 179.09
 180.09
 181.07
 182.07
 183.07
 184.08
 185.09
 186.10
 187.08
 188.07
 189.08
 190.08
 191.09
 192.09
 193.09
 194.09
 195.07
 196.08
 197.09
 198.09
 199.09
 200.09
 201.08
 202.09
 203.09
 204.10
 205.08
 206.07
 207.07
 208.08
 209.09
 210.09
 211.07
 212.07
 213.07
 214.07
 215.08
 216.10
 217.09
 218.08
 219.08
 220.08
 221.08
 222.09
 223.08
 224.08
 225.06
 226.08
 227.09
 228.09
 229.08
 230.09
 231.08
 232.07
 233.08
 234.08
 235.09
 236.09
 237.08
 238.08
 239.08
 240.08
 241.09
 242.08
 243.08
 244.08
 245.09
 246.07
 247.08
 248.09
 249.08
 250.08
 251.08
 252.07
 253.08
 254.08
 255.08
 256.08
 257.07
 258.08
 259.09
 260.08
 261.08
 262.08
 263.09
 264.09
 265.08
 266.08
 267.09
 268.07
 269.08
 270.09
 271.08
 272.07
 273.07
 274.08
 275.09
 276.10
 277.08
 278.08
 279.09
 280.08
 281.07
 282.09
 283.09
 284.09
 285.08
 286.08
 287.09
 288.09
 289.08
 290.08
 291.08
 292.10
 293.08
 294.07
 295.07
 296.08
 297.09
 298.08
 299.08
 300.09
 301.09
 302.08
 303.08
 304.08
 305.09
 306.09
 307.09
 308.08
 309.08
 310.08
 311.08
 312.07
 313.08
 314.08
 315.08
 316.08
 317.08
 318.08
 319.09
 320.09
 321.09
 322.08
 323.09
 324.07
 325.08
 326.08
 327.08
 328.09
 329.08
 330.08
 331.08
 332.08
 333.09
 334.09
 335.07
 336.08
 337.10
 338.09
 339.10
 340.09
 341.09
 342.10
 343.08
 344.07
 345.07
 346.08
 347.09
 348.09
 349.08
 350.06
 351.07
 352.07
 353.06
 354.08
 355.08
 356.09
 357.08
 358.08
 359.09
