   0.09
   1.09
   2.08
   3.07
   4.08
   5.09
   6.08
   7.08
   8.09
   9.08
  10.08
  11.09
  12.08
  13.08
  14.10
  15.09
  16.09
  17.09
  18.08
  19.06
  20.07
  21.07
  22.07
  23.07
  24.07
  25.08
  26.08
  27.08
  28.08
  29.08
  30.08
  31.07
  32.07
  33.09
  34.10
  35.10
  36.09
  37.10
  38.09
  39.12
  40.07
  41.07
  42.07
  43.07
  44.08
  45.07
  46.08
  47.08
  48.08
  49.09
  50.09
  51.09
  52.08
  53.07
  54.07
  55.07
  56.07
  57.09
  58.09
  59.11
  60.11
  61.08
  62.08
  63.08
  64.08
  65.08
  66.07
  67.08
  68.08
  69.08
  70.08
  71.10
  72.11
  73.09
  74.08
  75.08
  76.09
  77.09
  78.09
  79.07
  80.08
  81.08
  82.08
  83.07
  84.08
  85.08
  86.07
  87.07
  88.09
  89.12
  90.12
  91.09
  92.06
  93.05
  94.10
  95.08
  96.08
  97.07
  98.08
  99.10
 100.09
 101.08
 102.09
 103.09
 104.08
 105.07
 106.08
 107.09
 108.08
 109.07
 110.08
 111.08
 112.08
 113.09
 114.07
 115.07
 116.07
 117.07
 118.07
 119.07
 120.08
 121.08
 122.09
 123.08
 124.08
 125.08
 126.08
 127.09
 128.09
 129.09
 130.08
 131.08
 132.08
 133.08
 134.07
 135.09
 136.10
 137.09
 138.08
 139.08
 140.08
 141.08
 142.07
 143.08
 144.08
 145.07
 146.08
 147.09
 148.08
 149.08
 150.10
 151.09
 152.08
 153.08
 154.08
 155.09
 156.09
 157.09
 158.08
 159.08
 160.08
 161.07
 162.07
 163.08
 164.08
 165.08
 166.08
 167.08
 168.08
 169.09
 170.09
 171.10
 172.08
 173.08
 174.07
 175.07
 176.08
 177.08
 178.07
 179.07
 180.08
 181.08
 182.08
 183.07
 184.10
 185.08
 186.07
 187.06
 188.08
 189.10
 190.08
 191.07
 192.08
 193.08
 194.07
 195.08
 196.08
 197.08
 198.08
 199.08
 200.10
 201.10
 202.09
 203.07
 204.10
 205.10
 206.07
 207.09
 208.08
 209.08
 210.08
 211.08
 212.07
 213.09
 214.09
 215.08
 216.10
 217.10
 218.09
 219.08
 220.08
 221.07
 222.08
 223.06
 224.08
 225.08
 226.08
 227.08
 228.08
 229.10
 230.07
 231.07
 232.09
 233.08
 234.07
 235.08
 236.09
 237.09
 238.09
 239.09
 240.08
 241.07
 242.08
 243.08
 244.09
 245.09
 246.09
 247.09
 248.07
 249.07
 250.07
 251.07
 252.07
 253.08
 254.08
 255.09
 256.08
 257.07
 258.08
 259.09
 260.09
 261.08
 262.08
 263.09
 264.08
 265.08
 266.09
 267.08
 268.09
 269.09
 270.09
 271.08
 272.07
 273.08
 274.09
 275.08
 276.08
 277.07
 278.07
 279.07
 280.07
 281.08
 282.07
 283.08
 284.08
 285.07
 286.07
 287.07
 288.07
 289.08
 290.08
 291.09
 292.10
 293.10
 294.08
 295.08
 296.08
 297.08
 298.07
 299.08
 300.09
 301.07
 302.06
 303.09
 304.08
 305.07
 306.08
 307.07
 308.06
 309.08
 310.08
 311.08
 312.07
 313.04
 314.04
 315.08
 316.09
 317.09
 318.09
 319.09
 320.09
 321.08
 322.08
 323.09
 324.09
 325.07
 326.07
 327.08
 328.09
 329.08
 330.09
 331.08
 332.08
 333.08
 334.09
 335.09
 336.09
 337.08
 338.08
 339.07
 340.07
 341.08
 342.07
 343.07
 344.09
 345.08
 346.07
 347.07
 348.08
 349.08
 350.08
 351.08
 352.09
 353.08
 354.08
 355.09
 356.08
 357.08
 358.07
 359.07
