   0.08
   1.07
   2.06
   3.07
   4.08
   5.07
   6.07
   7.08
   8.08
   9.08
  10.08
  11.07
  12.07
  13.08
  14.08
  15.08
  16.08
  17.07
  18.08
  19.07
  20.08
  21.07
  22.06
  23.07
  24.07
  25.08
  26.06
  27.07
  28.07
  29.07
  30.07
  31.07
  32.07
  33.07
  34.07
  35.07
  36.07
  37.08
  38.06
  39.07
  40.07
  41.07
  42.07
  43.07
  44.06
  45.06
  46.07
  47.07
  48.07
  49.08
  50.08
  51.07
  52.08
  53.08
  54.06
  55.06
  56.07
  57.08
  58.07
  59.07
  60.05
  61.06
  62.06
  63.06
  64.07
  65.07
  66.08
  67.07
  68.07
  69.07
  70.08
  71.08
  72.07
  73.07
  74.08
  75.07
  76.05
  77.06
  78.07
  79.08
  80.07
  81.09
  82.09
  83.06
  84.06
  85.07
  86.08
  87.07
  88.06
  89.08
  90.08
  91.07
  92.06
  93.07
  94.08
  95.08
  96.08
  97.06
  98.05
  99.07
 100.08
 101.08
 102.07
 103.06
 104.07
 105.08
 106.07
 107.08
 108.07
 109.07
 110.07
 111.07
 112.08
 113.08
 114.07
 115.07
 116.06
 117.07
 118.07
 119.06
 120.07
 121.07
 122.06
 123.05
 124.07
 125.08
 126.08
 127.07
 128.07
 129.06
 130.07
 131.07
 132.09
 133.07
 134.07
 135.06
 136.05
 137.07
 138.07
 139.08
 140.08
 141.06
 142.06
 143.07
 144.06
 145.07
 146.07
 147.07
 148.07
 149.07
 150.07
 151.07
 152.06
 153.08
 154.08
 155.07
 156.07
 157.07
 158.06
 159.07
 160.07
 161.08
 162.06
 163.07
 164.07
 165.07
 166.07
 167.07
 168.08
 169.08
 170.07
 171.07
 172.07
 173.07
 174.08
 175.09
 176.08
 177.07
 178.06
 179.07
 180.07
 181.07
 182.07
 183.07
 184.06
 185.06
 186.07
 187.07
 188.06
 189.08
 190.07
 191.06
 192.06
 193.06
 194.07
 195.07
 196.06
 197.07
 198.08
 199.07
 200.06
 201.08
 202.08
 203.07
 204.07
 205.08
 206.09
 207.08
 208.08
 209.08
 210.07
 211.06
 212.08
 213.07
 214.06
 215.07
 216.08
 217.07
 218.08
 219.08
 220.08
 221.09
 222.09
 223.07
 224.06
 225.07
 226.07
 227.07
 228.08
 229.08
 230.07
 231.06
 232.06
 233.07
 234.05
 235.06
 236.06
 237.07
 238.08
 239.07
 240.07
 241.08
 242.08
 243.08
 244.07
 245.08
 246.08
 247.09
 248.07
 249.06
 250.07
 251.07
 252.06
 253.07
 254.07
 255.07
 256.08
 257.08
 258.09
 259.08
 260.07
 261.11
 262.08
 263.08
 264.07
 265.08
 266.08
 267.08
 268.08
 269.07
 270.05
 271.05
 272.08
 273.08
 274.08
 275.08
 276.06
 277.06
 278.04
 279.07
 280.07
 281.07
 282.08
 283.07
 284.07
 285.08
 286.09
 287.07
 288.07
 289.09
 290.06
 291.07
 292.07
 293.08
 294.07
 295.08
 296.07
 297.07
 298.06
 299.07
 300.07
 301.06
 302.07
 303.07
 304.07
 305.07
 306.08
 307.07
 308.08
 309.07
 310.07
 311.08
 312.09
 313.07
 314.07
 315.08
 316.08
 317.08
 318.08
 319.07
 320.07
 321.07
 322.06
 323.06
 324.06
 325.07
 326.07
 327.06
 328.07
 329.07
 330.06
 331.08
 332.08
 333.07
 334.07
 335.07
 336.08
 337.08
 338.07
 339.07
 340.06
 341.07
 342.07
 343.07
 344.07
 345.07
 346.08
 347.07
 348.08
 349.07
 350.06
 351.06
 352.08
 353.07
 354.08
 355.08
 356.08
 357.07
 358.07
 359.08
