   0.07
   1.07
   2.07
   3.07
   4.07
   5.07
   6.06
   7.06
   8.06
   9.06
  10.06
  11.06
  12.07
  13.08
  14.07
  15.07
  16.08
  17.08
  18.08
  19.06
  20.07
  21.08
  22.08
  23.07
  24.07
  25.07
  26.08
  27.07
  28.07
  29.07
  30.08
  31.08
  32.07
  33.07
  34.07
  35.07
  36.07
  37.07
  38.08
  39.07
  40.07
  41.08
  42.08
  43.08
  44.07
  45.07
  46.06
  47.07
  48.07
  49.07
  50.08
  51.07
  52.07
  53.06
  54.06
  55.07
  56.07
  57.07
  58.07
  59.07
  60.08
  61.08
  62.06
  63.06
  64.06
  65.07
  66.07
  67.06
  68.06
  69.08
  70.07
  71.06
  72.07
  73.08
  74.07
  75.07
  76.08
  77.09
  78.07
  79.07
  80.08
  81.08
  82.09
  83.08
  84.09
  85.08
  86.08
  87.08
  88.08
  89.07
  90.09
  91.08
  92.07
  93.07
  94.07
  95.08
  96.07
  97.07
  98.06
  99.06
 100.06
 101.06
 102.06
 103.06
 104.07
 105.07
 106.07
 107.08
 108.07
 109.07
 110.07
 111.06
 112.06
 113.07
 114.06
 115.06
 116.08
 117.07
 118.07
 119.08
 120.07
 121.06
 122.07
 123.08
 124.08
 125.07
 126.07
 127.08
 128.07
 129.07
 130.07
 131.07
 132.07
 133.09
 134.07
 135.07
 136.08
 137.09
 138.08
 139.07
 140.07
 141.07
 142.06
 143.07
 144.07
 145.07
 146.08
 147.08
 148.08
 149.07
 150.07
 151.09
 152.07
 153.08
 154.08
 155.06
 156.06
 157.07
 158.08
 159.07
 160.06
 161.06
 162.06
 163.05
 164.06
 165.07
 166.07
 167.06
 168.07
 169.08
 170.07
 171.07
 172.07
 173.07
 174.09
 175.08
 176.07
 177.08
 178.08
 179.09
 180.08
 181.08
 182.07
 183.07
 184.07
 185.09
 186.08
 187.07
 188.07
 189.06
 190.06
 191.07
 192.07
 193.06
 194.08
 195.08
 196.07
 197.07
 198.07
 199.09
 200.08
 201.07
 202.06
 203.06
 204.08
 205.08
 206.05
 207.05
 208.07
 209.07
 210.07
 211.07
 212.06
 213.06
 214.06
 215.06
 216.07
 217.08
 218.08
 219.06
 220.07
 221.08
 222.08
 223.07
 224.06
 225.07
 226.08
 227.07
 228.06
 229.06
 230.06
 231.06
 232.08
 233.07
 234.06
 235.07
 236.08
 237.07
 238.08
 239.07
 240.08
 241.08
 242.08
 243.06
 244.07
 245.09
 246.07
 247.07
 248.07
 249.07
 250.08
 251.08
 252.08
 253.09
 254.07
 255.08
 256.08
 257.07
 258.07
 259.08
 260.07
 261.08
 262.08
 263.08
 264.07
 265.07
 266.09
 267.09
 268.07
 269.06
 270.07
 271.07
 272.07
 273.07
 274.07
 275.08
 276.07
 277.07
 278.06
 279.08
 280.09
 281.09
 282.08
 283.07
 284.07
 285.08
 286.08
 287.07
 288.08
 289.08
 290.06
 291.06
 292.07
 293.07
 294.06
 295.06
 296.07
 297.08
 298.07
 299.06
 300.07
 301.08
 302.07
 303.07
 304.07
 305.08
 306.08
 307.07
 308.07
 309.08
 310.08
 311.08
 312.07
 313.08
 314.06
 315.07
 316.07
 317.06
 318.07
 319.08
 320.07
 321.06
 322.06
 323.08
 324.07
 325.06
 326.06
 327.07
 328.08
 329.07
 330.08
 331.08
 332.08
 333.06
 334.07
 335.08
 336.07
 337.08
 338.08
 339.08
 340.07
 341.07
 342.08
 343.08
 344.08
 345.07
 346.06
 347.06
 348.07
 349.08
 350.07
 351.07
 352.07
 353.06
 354.07
 355.07
 356.08
 357.07
 358.06
 359.06
