   0.09
   1.07
   2.07
   3.08
   4.09
   5.09
   6.07
   7.08
   8.08
   9.09
  10.08
  11.08
  12.09
  13.09
  14.08
  15.09
  16.08
  17.08
  18.09
  19.09
  20.09
  21.09
  22.08
  23.07
  24.08
  25.08
  26.07
  27.07
  28.08
  29.08
  30.08
  31.07
  32.08
  33.08
  34.08
  35.09
  36.08
  37.08
  38.08
  39.09
  40.09
  41.08
  42.08
  43.09
  44.08
  45.08
  46.08
  47.08
  48.08
  49.07
  50.07
  51.06
  52.08
  53.08
  54.08
  55.08
  56.09
  57.09
  58.08
  59.08
  60.08
  61.09
  62.09
  63.09
  64.09
  65.09
  66.07
  67.07
  68.07
  69.07
  70.09
  71.08
  72.08
  73.08
  74.08
  75.07
  76.08
  77.09
  78.09
  79.08
  80.08
  81.08
  82.08
  83.09
  84.09
  85.09
  86.09
  87.08
  88.08
  89.08
  90.07
  91.06
  92.07
  93.07
  94.07
  95.08
  96.06
  97.06
  98.06
  99.06
 100.07
 101.07
 102.08
 103.08
 104.08
 105.08
 106.09
 107.08
 108.07
 109.08
 110.08
 111.08
 112.10
 113.08
 114.09
 115.08
 116.08
 117.07
 118.07
 119.08
 120.08
 121.08
 122.09
 123.09
 124.08
 125.08
 126.09
 127.08
 128.08
 129.07
 130.07
 131.08
 132.07
 133.09
 134.09
 135.09
 136.08
 137.07
 138.08
 139.08
 140.07
 141.07
 142.06
 143.08
 144.08
 145.07
 146.07
 147.08
 148.07
 149.10
 150.10
 151.09
 152.09
 153.08
 154.05
 155.08
 156.08
 157.07
 158.08
 159.11
 160.10
 161.06
 162.09
 163.08
 164.09
 165.09
 166.10
 167.07
 168.10
 169.11
 170.10
 171.09
 172.08
 173.10
 174.09
 175.08
 176.09
 177.09
 178.06
 179.08
 180.07
 181.09
 182.08
 183.08
 184.10
 185.08
 186.07
 187.07
 188.08
 189.08
 190.08
 191.07
 192.08
 193.08
 194.08
 195.09
 196.09
 197.09
 198.08
 199.08
 200.09
 201.08
 202.08
 203.09
 204.10
 205.08
 206.08
 207.06
 208.07
 209.06
 210.07
 211.07
 212.09
 213.09
 214.07
 215.08
 216.09
 217.09
 218.07
 219.08
 220.08
 221.08
 222.08
 223.09
 224.09
 225.08
 226.07
 227.07
 228.08
 229.08
 230.09
 231.09
 232.09
 233.08
 234.06
 235.07
 236.09
 237.08
 238.07
 239.07
 240.08
 241.09
 242.09
 243.08
 244.08
 245.08
 246.08
 247.07
 248.10
 249.10
 250.08
 251.08
 252.06
 253.08
 254.09
 255.07
 256.07
 257.08
 258.08
 259.09
 260.08
 261.08
 262.08
 263.09
 264.07
 265.07
 266.08
 267.08
 268.08
 269.12
 270.09
 271.08
 272.08
 273.08
 274.08
 275.08
 276.08
 277.08
 278.08
 279.07
 280.06
 281.09
 282.09
 283.08
 284.08
 285.08
 286.08
 287.09
 288.08
 289.07
 290.09
 291.09
 292.09
 293.08
 294.09
 295.09
 296.08
 297.09
 298.08
 299.08
 300.08
 301.09
 302.09
 303.09
 304.09
 305.09
 306.08
 307.09
 308.10
 309.08
 310.09
 311.08
 312.07
 313.09
 314.09
 315.08
 316.09
 317.09
 318.08
 319.09
 320.09
 321.09
 322.09
 323.07
 324.08
 325.09
 326.08
 327.07
 328.08
 329.08
 330.08
 331.08
 332.09
 333.09
 334.09
 335.09
 336.07
 337.07
 338.07
 339.09
 340.08
 341.08
 342.09
 343.09
 344.09
 345.08
 346.07
 347.08
 348.08
 349.09
 350.08
 351.08
 352.08
 353.08
 354.07
 355.07
 356.09
 357.09
 358.08
 359.09
