   0.08
   1.07
   2.07
   3.07
   4.07
   5.07
   6.05
   7.06
   8.07
   9.07
  10.07
  11.07
  12.08
  13.07
  14.06
  15.07
  16.07
  17.07
  18.08
  19.06
  20.05
  21.05
  22.07
  23.07
  24.06
  25.07
  26.08
  27.09
  28.09
  29.08
  30.07
  31.06
  32.06
  33.06
  34.07
  35.08
  36.07
  37.07
  38.10
  39.10
  40.07
  41.07
  42.07
  43.07
  44.07
  45.06
  46.07
  47.07
  48.08
  49.07
  50.07
  51.08
  52.07
  53.07
  54.06
  55.07
  56.06
  57.07
  58.07
  59.06
  60.08
  61.09
  62.07
  63.05
  64.06
  65.07
  66.07
  67.06
  68.07
  69.08
  70.07
  71.06
  72.08
  73.08
  74.08
  75.08
  76.09
  77.08
  78.07
  79.07
  80.08
  81.07
  82.08
  83.07
  84.07
  85.06
  86.07
  87.09
  88.07
  89.06
  90.05
  91.07
  92.08
  93.08
  94.08
  95.08
  96.07
  97.07
  98.07
  99.06
 100.06
 101.07
 102.07
 103.07
 104.08
 105.07
 106.06
 107.06
 108.07
 109.07
 110.07
 111.08
 112.08
 113.09
 114.08
 115.07
 116.08
 117.08
 118.08
 119.07
 120.07
 121.06
 122.06
 123.08
 124.08
 125.07
 126.07
 127.07
 128.07
 129.06
 130.07
 131.08
 132.07
 133.06
 134.07
 135.07
 136.08
 137.08
 138.08
 139.07
 140.06
 141.07
 142.06
 143.07
 144.07
 145.07
 146.07
 147.07
 148.07
 149.08
 150.06
 151.07
 152.07
 153.07
 154.07
 155.06
 156.07
 157.09
 158.07
 159.07
 160.07
 161.06
 162.07
 163.07
 164.06
 165.06
 166.06
 167.07
 168.07
 169.08
 170.06
 171.07
 172.07
 173.07
 174.07
 175.07
 176.08
 177.07
 178.06
 179.05
 180.06
 181.07
 182.07
 183.08
 184.06
 185.06
 186.07
 187.08
 188.07
 189.07
 190.07
 191.07
 192.08
 193.08
 194.08
 195.09
 196.08
 197.07
 198.07
 199.08
 200.06
 201.07
 202.07
 203.07
 204.06
 205.06
 206.06
 207.06
 208.07
 209.07
 210.07
 211.07
 212.07
 213.06
 214.07
 215.08
 216.08
 217.08
 218.09
 219.08
 220.08
 221.08
 222.07
 223.07
 224.07
 225.07
 226.06
 227.07
 228.07
 229.08
 230.08
 231.07
 232.08
 233.08
 234.08
 235.07
 236.07
 237.06
 238.06
 239.07
 240.08
 241.06
 242.07
 243.08
 244.07
 245.06
 246.06
 247.07
 248.08
 249.08
 250.07
 251.06
 252.06
 253.07
 254.06
 255.07
 256.06
 257.07
 258.08
 259.08
 260.07
 261.08
 262.07
 263.08
 264.08
 265.08
 266.07
 267.07
 268.07
 269.07
 270.07
 271.07
 272.08
 273.11
 274.09
 275.05
 276.05
 277.05
 278.07
 279.07
 280.07
 281.08
 282.08
 283.07
 284.07
 285.07
 286.08
 287.12
 288.11
 289.07
 290.07
 291.07
 292.07
 293.07
 294.08
 295.08
 296.08
 297.08
 298.07
 299.06
 300.06
 301.07
 302.06
 303.06
 304.07
 305.09
 306.09
 307.08
 308.07
 309.08
 310.07
 311.07
 312.08
 313.07
 314.07
 315.12
 316.11
 317.08
 318.08
 319.08
 320.08
 321.08
 322.08
 323.08
 324.07
 325.07
 326.07
 327.08
 328.08
 329.07
 330.08
 331.08
 332.07
 333.09
 334.08
 335.07
 336.07
 337.08
 338.08
 339.07
 340.07
 341.08
 342.07
 343.07
 344.08
 345.09
 346.08
 347.07
 348.07
 349.07
 350.08
 351.07
 352.07
 353.08
 354.07
 355.06
 356.08
 357.08
 358.07
 359.08
