   0.46
   1.47
   2.44
   3.43
   4.45
   5.47
   6.46
   7.47
   8.44
   9.46
  10.45
  11.43
  12.45
  13.44
  14.46
  15.46
  16.45
  17.43
  18.46
  19.45
  20.44
  21.46
  22.46
  23.46
  24.46
  25.47
  26.45
  27.46
  28.46
  29.47
  30.45
  31.46
  32.46
  33.45
  34.46
  35.45
  36.44
  37.46
  38.46
  39.44
  40.47
  41.46
  42.46
  43.45
  44.42
  45.46
  46.45
  47.46
  48.47
  49.46
  50.45
  51.45
  52.46
  53.46
  54.45
  55.44
  56.46
  57.46
  58.46
  59.43
  60.44
  61.46
  62.44
  63.46
  64.47
  65.44
  66.43
  67.45
  68.43
  69.48
  70.45
  71.46
  72.47
  73.46
  74.45
  75.48
  76.46
  77.45
  78.45
  79.45
  80.47
  81.47
  82.46
  83.44
  84.45
  85.44
  86.47
  87.48
  88.45
  89.45
  90.44
  91.46
  92.46
  93.46
  94.47
  95.46
  96.44
  97.45
  98.45
  99.46
 100.45
 101.47
 102.47
 103.46
 104.47
 105.44
 106.45
 107.46
 108.47
 109.45
 110.45
 111.46
 112.46
 113.46
 114.46
 115.45
 116.46
 117.44
 118.47
 119.45
 120.47
 121.47
 122.46
 123.45
 124.47
 125.47
 126.44
 127.46
 128.44
 129.46
 130.47
 131.45
 132.43
 133.46
 134.46
 135.44
 136.47
 137.44
 138.48
 139.47
 140.45
 141.45
 142.46
 143.45
 144.46
 145.44
 146.47
 147.45
 148.46
 149.47
 150.45
 151.47
 152.45
 153.45
 154.46
 155.43
 156.43
 157.46
 158.48
 159.47
 160.47
 161.45
 162.44
 163.46
 164.44
 165.47
 166.45
 167.47
 168.46
 169.44
 170.44
 171.47
 172.45
 173.46
 174.43
 175.45
 176.46
 177.48
 178.46
 179.46
 180.46
 181.45
 182.45
 183.47
 184.45
 185.45
 186.42
 187.45
 188.47
 189.48
 190.46
 191.44
 192.47
 193.46
 194.47
 195.45
 196.44
 197.44
 198.46
 199.45
 200.46
 201.44
 202.46
 203.45
 204.45
 205.47
 206.44
 207.47
 208.46
 209.47
 210.43
 211.46
 212.46
 213.45
 214.46
 215.44
 216.46
 217.45
 218.47
 219.45
 220.47
 221.47
 222.42
 223.45
 224.44
 225.46
 226.45
 227.48
 228.45
 229.45
 230.47
 231.45
 232.44
 233.47
 234.45
 235.46
 236.47
 237.43
 238.46
 239.46
 240.45
 241.44
 242.45
 243.45
 244.44
 245.45
 246.44
 247.45
 248.45
 249.47
 250.46
 251.48
 252.45
 253.46
 254.47
 255.45
 256.46
 257.45
 258.45
 259.46
 260.46
 261.44
 262.46
 263.44
 264.45
 265.46
 266.46
 267.45
 268.46
 269.47
 270.46
 271.46
 272.45
 273.46
 274.46
 275.46
 276.45
 277.47
 278.46
 279.46
 280.46
 281.46
 282.46
 283.46
 284.46
 285.44
 286.44
 287.46
 288.43
 289.43
 290.45
 291.45
 292.43
 293.47
 294.45
 295.45
 296.46
 297.45
 298.46
 299.45
 300.47
 301.45
 302.46
 303.45
 304.42
 305.44
 306.44
 307.48
 308.46
 309.45
 310.46
 311.44
 312.44
 313.46
 314.47
 315.45
 316.46
 317.46
 318.45
 319.46
 320.47
 321.47
 322.47
 323.46
 324.45
 325.44
 326.44
 327.46
 328.46
 329.46
 330.47
 331.44
 332.44
 333.45
 334.44
 335.47
 336.45
 337.46
 338.45
 339.45
 340.46
 341.45
 342.46
 343.47
 344.46
 345.45
 346.46
 347.44
 348.46
 349.48
 350.46
 351.45
 352.45
 353.44
 354.43
 355.46
 356.47
 357.45
 358.43
 359.45
