   0.47
   1.48
   2.45
   3.45
   4.42
   5.47
   6.50
   7.47
   8.44
   9.43
  10.44
  11.44
  12.44
  13.46
  14.47
  15.44
  16.45
  17.44
  18.47
  19.46
  20.45
  21.45
  22.44
  23.48
  24.47
  25.47
  26.45
  27.43
  28.46
  29.44
  30.45
  31.48
  32.49
  33.48
  34.43
  35.40
  36.42
  37.44
  38.46
  39.45
  40.45
  41.47
  42.46
  43.47
  44.44
  45.45
  46.45
  47.44
  48.46
  49.47
  50.45
  51.46
  52.46
  53.47
  54.46
  55.43
  56.45
  57.44
  58.46
  59.46
  60.44
  61.45
  62.46
  63.45
  64.46
  65.48
  66.45
  67.47
  68.45
  69.44
  70.44
  71.43
  72.47
  73.48
  74.45
  75.44
  76.43
  77.46
  78.47
  79.47
  80.44
  81.42
  82.44
  83.43
  84.48
  85.47
  86.47
  87.43
  88.45
  89.46
  90.46
  91.46
  92.47
  93.43
  94.44
  95.46
  96.47
  97.45
  98.45
  99.42
 100.45
 101.46
 102.47
 103.47
 104.47
 105.44
 106.46
 107.44
 108.38
 109.40
 110.45
 111.46
 112.48
 113.47
 114.44
 115.44
 116.44
 117.44
 118.46
 119.44
 120.44
 121.46
 122.47
 123.47
 124.46
 125.45
 126.43
 127.45
 128.47
 129.46
 130.44
 131.43
 132.43
 133.46
 134.47
 135.46
 136.48
 137.47
 138.46
 139.43
 140.45
 141.44
 142.43
 143.44
 144.46
 145.50
 146.45
 147.44
 148.42
 149.46
 150.48
 151.47
 152.46
 153.44
 154.43
 155.42
 156.46
 157.46
 158.44
 159.45
 160.46
 161.46
 162.45
 163.46
 164.45
 165.44
 166.45
 167.45
 168.46
 169.47
 170.46
 171.41
 172.44
 173.47
 174.49
 175.48
 176.48
 177.43
 178.40
 179.44
 180.44
 181.43
 182.45
 183.44
 184.44
 185.47
 186.45
 187.47
 188.46
 189.46
 190.45
 191.44
 192.46
 193.47
 194.43
 195.45
 196.46
 197.46
 198.45
 199.46
 200.45
 201.42
 202.46
 203.44
 204.43
 205.44
 206.47
 207.45
 208.47
 209.46
 210.45
 211.45
 212.44
 213.45
 214.44
 215.45
 216.47
 217.47
 218.45
 219.42
 220.42
 221.45
 222.49
 223.48
 224.43
 225.42
 226.44
 227.43
 228.47
 229.46
 230.46
 231.44
 232.46
 233.45
 234.46
 235.47
 236.45
 237.40
 238.42
 239.44
 240.48
 241.47
 242.47
 243.39
 244.43
 245.44
 246.48
 247.48
 248.46
 249.46
 250.41
 251.42
 252.44
 253.42
 254.47
 255.47
 256.46
 257.46
 258.45
 259.45
 260.43
 261.43
 262.46
 263.44
 264.45
 265.45
 266.48
 267.45
 268.45
 269.46
 270.45
 271.44
 272.44
 273.46
 274.45
 275.45
 276.43
 277.42
 278.49
 279.47
 280.47
 281.47
 282.43
 283.45
 284.42
 285.44
 286.44
 287.47
 288.46
 289.48
 290.45
 291.44
 292.42
 293.45
 294.47
 295.47
 296.45
 297.45
 298.43
 299.45
 300.47
 301.46
 302.45
 303.44
 304.45
 305.44
 306.47
 307.46
 308.45
 309.42
 310.46
 311.45
 312.46
 313.48
 314.43
 315.42
 316.44
 317.46
 318.47
 319.49
 320.48
 321.46
 322.44
 323.43
 324.43
 325.41
 326.46
 327.47
 328.44
 329.47
 330.43
 331.46
 332.46
 333.44
 334.46
 335.45
 336.43
 337.45
 338.45
 339.49
 340.49
 341.47
 342.45
 343.43
 344.46
 345.45
 346.44
 347.44
 348.42
 349.47
 350.47
 351.47
 352.46
 353.45
 354.45
 355.46
 356.46
 357.43
 358.41
 359.46
