   0.07
   1.07
   2.07
   3.07
   4.08
   5.06
   6.06
   7.09
   8.08
   9.06
  10.06
  11.07
  12.07
  13.07
  14.07
  15.07
  16.07
  17.06
  18.06
  19.06
  20.07
  21.07
  22.06
  23.07
  24.07
  25.08
  26.08
  27.06
  28.06
  29.08
  30.06
  31.06
  32.07
  33.08
  34.07
  35.08
  36.08
  37.08
  38.07
  39.07
  40.08
  41.08
  42.08
  43.07
  44.07
  45.06
  46.06
  47.06
  48.07
  49.07
  50.07
  51.07
  52.08
  53.06
  54.05
  55.06
  56.07
  57.09
  58.07
  59.07
  60.07
  61.07
  62.07
  63.07
  64.06
  65.06
  66.04
  67.05
  68.07
  69.07
  70.08
  71.07
  72.07
  73.08
  74.07
  75.06
  76.06
  77.07
  78.07
  79.08
  80.07
  81.07
  82.08
  83.08
  84.07
  85.07
  86.08
  87.09
  88.08
  89.06
  90.07
  91.08
  92.06
  93.05
  94.05
  95.05
  96.06
  97.06
  98.06
  99.07
 100.07
 101.07
 102.06
 103.07
 104.07
 105.07
 106.08
 107.07
 108.06
 109.06
 110.07
 111.07
 112.08
 113.07
 114.06
 115.07
 116.08
 117.08
 118.07
 119.07
 120.06
 121.06
 122.07
 123.07
 124.08
 125.08
 126.07
 127.07
 128.08
 129.07
 130.06
 131.07
 132.07
 133.07
 134.07
 135.07
 136.06
 137.06
 138.07
 139.06
 140.06
 141.06
 142.07
 143.07
 144.07
 145.07
 146.06
 147.06
 148.06
 149.07
 150.07
 151.08
 152.08
 153.08
 154.07
 155.07
 156.07
 157.07
 158.07
 159.07
 160.07
 161.06
 162.07
 163.07
 164.06
 165.06
 166.06
 167.07
 168.08
 169.07
 170.06
 171.07
 172.08
 173.07
 174.07
 175.07
 176.07
 177.06
 178.07
 179.07
 180.06
 181.06
 182.08
 183.07
 184.06
 185.06
 186.08
 187.08
 188.07
 189.07
 190.07
 191.09
 192.08
 193.07
 194.07
 195.06
 196.06
 197.07
 198.06
 199.06
 200.06
 201.07
 202.07
 203.06
 204.07
 205.06
 206.06
 207.06
 208.06
 209.07
 210.07
 211.07
 212.07
 213.07
 214.06
 215.06
 216.08
 217.08
 218.06
 219.05
 220.07
 221.07
 222.07
 223.07
 224.07
 225.07
 226.07
 227.07
 228.06
 229.06
 230.07
 231.07
 232.06
 233.07
 234.08
 235.09
 236.09
 237.07
 238.07
 239.06
 240.07
 241.08
 242.07
 243.06
 244.07
 245.08
 246.07
 247.07
 248.07
 249.07
 250.07
 251.07
 252.06
 253.06
 254.07
 255.07
 256.07
 257.08
 258.08
 259.08
 260.07
 261.07
 262.07
 263.06
 264.06
 265.06
 266.07
 267.07
 268.07
 269.06
 270.07
 271.07
 272.08
 273.07
 274.06
 275.05
 276.05
 277.05
 278.06
 279.07
 280.07
 281.07
 282.07
 283.07
 284.07
 285.06
 286.07
 287.08
 288.08
 289.06
 290.07
 291.07
 292.07
 293.06
 294.05
 295.06
 296.07
 297.06
 298.06
 299.06
 300.06
 301.06
 302.07
 303.07
 304.07
 305.07
 306.07
 307.06
 308.06
 309.07
 310.06
 311.06
 312.08
 313.07
 314.08
 315.08
 316.07
 317.06
 318.05
 319.05
 320.07
 321.07
 322.07
 323.06
 324.06
 325.07
 326.08
 327.07
 328.07
 329.07
 330.06
 331.06
 332.06
 333.07
 334.07
 335.07
 336.07
 337.06
 338.06
 339.07
 340.07
 341.07
 342.07
 343.07
 344.06
 345.06
 346.06
 347.05
 348.07
 349.08
 350.07
 351.07
 352.07
 353.07
 354.08
 355.08
 356.07
 357.06
 358.07
 359.08
