   0.07
   1.08
   2.08
   3.08
   4.07
   5.07
   6.08
   7.09
   8.08
   9.07
  10.08
  11.10
  12.09
  13.09
  14.09
  15.08
  16.07
  17.07
  18.08
  19.08
  20.09
  21.11
  22.07
  23.07
  24.10
  25.08
  26.08
  27.07
  28.07
  29.08
  30.09
  31.07
  32.09
  33.09
  34.08
  35.09
  36.08
  37.08
  38.09
  39.09
  40.07
  41.08
  42.10
  43.10
  44.08
  45.08
  46.08
  47.09
  48.10
  49.08
  50.08
  51.07
  52.07
  53.07
  54.08
  55.09
  56.08
  57.09
  58.11
  59.10
  60.09
  61.09
  62.09
  63.09
  64.09
  65.08
  66.08
  67.07
  68.08
  69.08
  70.09
  71.07
  72.08
  73.09
  74.08
  75.08
  76.09
  77.09
  78.08
  79.07
  80.08
  81.09
  82.09
  83.09
  84.08
  85.08
  86.09
  87.08
  88.08
  89.08
  90.08
  91.08
  92.09
  93.08
  94.09
  95.09
  96.08
  97.08
  98.07
  99.08
 100.09
 101.08
 102.08
 103.08
 104.08
 105.09
 106.07
 107.09
 108.09
 109.08
 110.08
 111.09
 112.09
 113.08
 114.08
 115.08
 116.09
 117.09
 118.09
 119.09
 120.09
 121.09
 122.09
 123.08
 124.08
 125.08
 126.08
 127.07
 128.07
 129.08
 130.09
 131.09
 132.07
 133.07
 134.07
 135.08
 136.08
 137.08
 138.08
 139.08
 140.08
 141.08
 142.08
 143.08
 144.09
 145.08
 146.08
 147.09
 148.08
 149.08
 150.08
 151.08
 152.08
 153.09
 154.09
 155.09
 156.08
 157.07
 158.08
 159.08
 160.07
 161.08
 162.08
 163.08
 164.09
 165.07
 166.07
 167.07
 168.09
 169.08
 170.08
 171.10
 172.09
 173.08
 174.08
 175.07
 176.08
 177.09
 178.07
 179.07
 180.08
 181.08
 182.07
 183.08
 184.08
 185.08
 186.08
 187.08
 188.07
 189.09
 190.09
 191.08
 192.08
 193.08
 194.08
 195.07
 196.07
 197.09
 198.08
 199.06
 200.09
 201.09
 202.09
 203.08
 204.08
 205.09
 206.08
 207.08
 208.07
 209.08
 210.08
 211.09
 212.09
 213.09
 214.09
 215.09
 216.08
 217.07
 218.07
 219.08
 220.09
 221.09
 222.09
 223.09
 224.09
 225.08
 226.08
 227.09
 228.08
 229.09
 230.09
 231.08
 232.09
 233.07
 234.06
 235.08
 236.09
 237.08
 238.08
 239.07
 240.08
 241.08
 242.09
 243.08
 244.08
 245.08
 246.08
 247.07
 248.07
 249.08
 250.09
 251.08
 252.09
 253.08
 254.09
 255.09
 256.09
 257.07
 258.07
 259.08
 260.10
 261.10
 262.10
 263.10
 264.08
 265.08
 266.08
 267.09
 268.09
 269.08
 270.09
 271.08
 272.08
 273.08
 274.08
 275.07
 276.08
 277.08
 278.08
 279.07
 280.08
 281.09
 282.07
 283.08
 284.08
 285.09
 286.09
 287.10
 288.08
 289.07
 290.07
 291.08
 292.08
 293.07
 294.08
 295.09
 296.09
 297.08
 298.07
 299.07
 300.07
 301.08
 302.10
 303.09
 304.08
 305.09
 306.08
 307.08
 308.08
 309.07
 310.08
 311.10
 312.09
 313.09
 314.08
 315.09
 316.08
 317.08
 318.08
 319.08
 320.07
 321.09
 322.08
 323.07
 324.07
 325.08
 326.09
 327.08
 328.08
 329.08
 330.08
 331.09
 332.08
 333.09
 334.09
 335.10
 336.10
 337.08
 338.08
 339.07
 340.07
 341.07
 342.08
 343.08
 344.08
 345.07
 346.07
 347.09
 348.10
 349.10
 350.09
 351.09
 352.07
 353.09
 354.10
 355.09
 356.09
 357.08
 358.07
 359.08
