   0.10
   1.09
   2.09
   3.08
   4.08
   5.08
   6.08
   7.07
   8.07
   9.07
  10.08
  11.08
  12.08
  13.08
  14.08
  15.09
  16.09
  17.09
  18.09
  19.08
  20.08
  21.09
  22.08
  23.08
  24.08
  25.07
  26.08
  27.08
  28.08
  29.08
  30.08
  31.08
  32.09
  33.10
  34.10
  35.08
  36.08
  37.08
  38.09
  39.09
  40.09
  41.09
  42.09
  43.08
  44.07
  45.08
  46.09
  47.08
  48.08
  49.09
  50.08
  51.08
  52.08
  53.07
  54.08
  55.09
  56.09
  57.08
  58.08
  59.09
  60.07
  61.09
  62.09
  63.08
  64.08
  65.09
  66.08
  67.08
  68.09
  69.08
  70.08
  71.08
  72.08
  73.08
  74.08
  75.08
  76.09
  77.09
  78.09
  79.08
  80.08
  81.07
  82.08
  83.09
  84.09
  85.08
  86.08
  87.08
  88.10
  89.09
  90.09
  91.08
  92.07
  93.08
  94.09
  95.09
  96.10
  97.08
  98.07
  99.09
 100.08
 101.09
 102.10
 103.10
 104.10
 105.09
 106.09
 107.10
 108.08
 109.08
 110.09
 111.09
 112.09
 113.07
 114.08
 115.08
 116.07
 117.09
 118.09
 119.09
 120.07
 121.09
 122.09
 123.08
 124.09
 125.10
 126.10
 127.09
 128.08
 129.08
 130.09
 131.09
 132.10
 133.09
 134.08
 135.09
 136.08
 137.07
 138.08
 139.09
 140.07
 141.08
 142.09
 143.10
 144.09
 145.09
 146.10
 147.10
 148.09
 149.10
 150.09
 151.07
 152.08
 153.09
 154.10
 155.08
 156.08
 157.09
 158.09
 159.08
 160.09
 161.09
 162.09
 163.08
 164.09
 165.08
 166.08
 167.08
 168.09
 169.10
 170.09
 171.09
 172.08
 173.09
 174.08
 175.08
 176.09
 177.09
 178.09
 179.09
 180.08
 181.08
 182.08
 183.08
 184.07
 185.07
 186.08
 187.09
 188.08
 189.08
 190.08
 191.07
 192.08
 193.10
 194.08
 195.07
 196.08
 197.07
 198.07
 199.08
 200.09
 201.08
 202.08
 203.09
 204.08
 205.07
 206.08
 207.08
 208.11
 209.10
 210.09
 211.09
 212.08
 213.08
 214.09
 215.09
 216.09
 217.09
 218.09
 219.09
 220.09
 221.09
 222.09
 223.09
 224.09
 225.08
 226.09
 227.10
 228.10
 229.08
 230.08
 231.09
 232.07
 233.07
 234.07
 235.09
 236.09
 237.08
 238.07
 239.08
 240.08
 241.08
 242.09
 243.08
 244.08
 245.09
 246.09
 247.09
 248.09
 249.09
 250.10
 251.09
 252.07
 253.09
 254.09
 255.08
 256.08
 257.08
 258.09
 259.08
 260.08
 261.07
 262.08
 263.09
 264.08
 265.08
 266.09
 267.09
 268.08
 269.07
 270.08
 271.08
 272.10
 273.10
 274.08
 275.07
 276.08
 277.08
 278.08
 279.08
 280.07
 281.08
 282.08
 283.09
 284.08
 285.08
 286.08
 287.08
 288.08
 289.09
 290.09
 291.08
 292.09
 293.09
 294.08
 295.07
 296.08
 297.08
 298.07
 299.08
 300.08
 301.09
 302.09
 303.09
 304.08
 305.08
 306.09
 307.09
 308.09
 309.08
 310.08
 311.09
 312.10
 313.08
 314.08
 315.09
 316.08
 317.08
 318.09
 319.06
 320.07
 321.08
 322.08
 323.09
 324.08
 325.08
 326.08
 327.08
 328.07
 329.07
 330.07
 331.08
 332.09
 333.08
 334.08
 335.08
 336.08
 337.08
 338.07
 339.08
 340.08
 341.08
 342.08
 343.08
 344.08
 345.07
 346.10
 347.12
 348.08
 349.08
 350.08
 351.08
 352.07
 353.08
 354.07
 355.08
 356.08
 357.08
 358.09
 359.09
