   0.09
   1.07
   2.07
   3.08
   4.08
   5.07
   6.06
   7.06
   8.07
   9.08
  10.08
  11.07
  12.07
  13.07
  14.07
  15.08
  16.08
  17.08
  18.08
  19.08
  20.07
  21.06
  22.07
  23.08
  24.07
  25.07
  26.06
  27.06
  28.06
  29.07
  30.07
  31.07
  32.07
  33.07
  34.07
  35.07
  36.07
  37.07
  38.07
  39.07
  40.07
  41.11
  42.09
  43.08
  44.07
  45.08
  46.07
  47.07
  48.06
  49.06
  50.06
  51.05
  52.06
  53.06
  54.07
  55.07
  56.07
  57.07
  58.08
  59.08
  60.07
  61.06
  62.07
  63.06
  64.07
  65.08
  66.07
  67.05
  68.08
  69.09
  70.08
  71.08
  72.08
  73.08
  74.08
  75.07
  76.07
  77.06
  78.07
  79.08
  80.08
  81.07
  82.07
  83.06
  84.07
  85.07
  86.08
  87.08
  88.07
  89.08
  90.08
  91.08
  92.08
  93.08
  94.07
  95.06
  96.08
  97.05
  98.07
  99.07
 100.07
 101.07
 102.07
 103.06
 104.05
 105.08
 106.07
 107.09
 108.09
 109.08
 110.07
 111.07
 112.07
 113.07
 114.08
 115.08
 116.07
 117.03
 118.04
 119.06
 120.06
 121.07
 122.07
 123.07
 124.07
 125.06
 126.07
 127.07
 128.08
 129.08
 130.07
 131.06
 132.06
 133.07
 134.09
 135.08
 136.06
 137.06
 138.06
 139.06
 140.08
 141.08
 142.08
 143.08
 144.06
 145.06
 146.07
 147.05
 148.06
 149.06
 150.07
 151.06
 152.06
 153.06
 154.07
 155.08
 156.06
 157.07
 158.07
 159.08
 160.08
 161.07
 162.08
 163.08
 164.08
 165.07
 166.07
 167.07
 168.07
 169.08
 170.06
 171.05
 172.07
 173.07
 174.08
 175.07
 176.08
 177.07
 178.07
 179.07
 180.06
 181.06
 182.06
 183.07
 184.08
 185.08
 186.07
 187.06
 188.07
 189.08
 190.08
 191.08
 192.07
 193.06
 194.07
 195.07
 196.07
 197.07
 198.08
 199.08
 200.08
 201.06
 202.07
 203.07
 204.08
 205.09
 206.08
 207.07
 208.08
 209.08
 210.07
 211.07
 212.07
 213.08
 214.08
 215.08
 216.08
 217.08
 218.08
 219.08
 220.08
 221.07
 222.06
 223.07
 224.07
 225.08
 226.07
 227.08
 228.07
 229.06
 230.07
 231.08
 232.08
 233.07
 234.04
 235.06
 236.07
 237.07
 238.07
 239.07
 240.07
 241.07
 242.08
 243.07
 244.08
 245.08
 246.07
 247.08
 248.06
 249.07
 250.06
 251.07
 252.08
 253.06
 254.07
 255.07
 256.08
 257.08
 258.08
 259.09
 260.09
 261.08
 262.07
 263.07
 264.08
 265.09
 266.08
 267.07
 268.07
 269.07
 270.08
 271.08
 272.07
 273.07
 274.07
 275.07
 276.06
 277.07
 278.07
 279.08
 280.08
 281.07
 282.08
 283.08
 284.07
 285.06
 286.08
 287.08
 288.07
 289.07
 290.07
 291.07
 292.07
 293.07
 294.06
 295.07
 296.08
 297.07
 298.07
 299.08
 300.10
 301.09
 302.07
 303.07
 304.08
 305.08
 306.07
 307.07
 308.07
 309.08
 310.07
 311.08
 312.08
 313.07
 314.07
 315.07
 316.06
 317.07
 318.07
 319.07
 320.07
 321.07
 322.07
 323.07
 324.06
 325.12
 326.13
 327.09
 328.10
 329.08
 330.07
 331.06
 332.06
 333.06
 334.08
 335.07
 336.07
 337.06
 338.07
 339.07
 340.06
 341.06
 342.03
 343.03
 344.06
 345.07
 346.07
 347.08
 348.07
 349.07
 350.07
 351.08
 352.07
 353.08
 354.08
 355.06
 356.06
 357.07
 358.08
 359.08
