   0.09
   1.10
   2.08
   3.09
   4.09
   5.08
   6.09
   7.08
   8.08
   9.09
  10.08
  11.08
  12.09
  13.09
  14.09
  15.08
  16.08
  17.07
  18.08
  19.08
  20.08
  21.09
  22.07
  23.07
  24.08
  25.07
  26.08
  27.09
  28.09
  29.10
  30.09
  31.08
  32.08
  33.09
  34.09
  35.09
  36.09
  37.09
  38.09
  39.08
  40.11
  41.08
  42.10
  43.08
  44.08
  45.07
  46.07
  47.08
  48.09
  49.09
  50.09
  51.09
  52.08
  53.08
  54.09
  55.09
  56.08
  57.08
  58.10
  59.08
  60.08
  61.09
  62.08
  63.08
  64.09
  65.08
  66.07
  67.09
  68.09
  69.08
  70.08
  71.08
  72.07
  73.06
  74.07
  75.09
  76.10
  77.09
  78.07
  79.08
  80.10
  81.08
  82.07
  83.09
  84.09
  85.09
  86.09
  87.10
  88.10
  89.10
  90.10
  91.09
  92.07
  93.07
  94.09
  95.09
  96.08
  97.08
  98.08
  99.09
 100.11
 101.09
 102.06
 103.06
 104.09
 105.09
 106.08
 107.09
 108.09
 109.08
 110.09
 111.09
 112.08
 113.07
 114.08
 115.08
 116.09
 117.09
 118.09
 119.08
 120.07
 121.09
 122.08
 123.09
 124.09
 125.08
 126.09
 127.09
 128.08
 129.08
 130.07
 131.07
 132.09
 133.08
 134.09
 135.10
 136.09
 137.08
 138.09
 139.09
 140.09
 141.08
 142.08
 143.08
 144.08
 145.07
 146.06
 147.09
 148.08
 149.08
 150.09
 151.09
 152.09
 153.06
 154.09
 155.09
 156.10
 157.10
 158.10
 159.08
 160.08
 161.08
 162.07
 163.08
 164.08
 165.09
 166.08
 167.09
 168.09
 169.09
 170.09
 171.08
 172.08
 173.06
 174.08
 175.08
 176.08
 177.09
 178.07
 179.08
 180.08
 181.09
 182.09
 183.09
 184.08
 185.06
 186.08
 187.09
 188.09
 189.09
 190.08
 191.08
 192.09
 193.08
 194.09
 195.10
 196.09
 197.08
 198.07
 199.08
 200.08
 201.09
 202.10
 203.09
 204.09
 205.09
 206.08
 207.08
 208.08
 209.08
 210.08
 211.07
 212.08
 213.08
 214.07
 215.08
 216.09
 217.09
 218.09
 219.07
 220.08
 221.09
 222.08
 223.09
 224.07
 225.07
 226.07
 227.07
 228.08
 229.08
 230.08
 231.08
 232.08
 233.07
 234.08
 235.07
 236.07
 237.08
 238.09
 239.09
 240.08
 241.09
 242.09
 243.08
 244.09
 245.09
 246.08
 247.07
 248.07
 249.07
 250.08
 251.10
 252.09
 253.09
 254.06
 255.06
 256.09
 257.08
 258.08
 259.08
 260.09
 261.10
 262.10
 263.09
 264.09
 265.09
 266.08
 267.07
 268.09
 269.08
 270.08
 271.08
 272.07
 273.08
 274.08
 275.08
 276.08
 277.08
 278.08
 279.09
 280.08
 281.09
 282.08
 283.08
 284.08
 285.08
 286.09
 287.09
 288.08
 289.08
 290.07
 291.08
 292.09
 293.09
 294.08
 295.07
 296.07
 297.08
 298.08
 299.08
 300.08
 301.07
 302.08
 303.09
 304.08
 305.08
 306.09
 307.09
 308.09
 309.08
 310.08
 311.08
 312.08
 313.08
 314.09
 315.07
 316.08
 317.08
 318.10
 319.09
 320.09
 321.09
 322.07
 323.08
 324.08
 325.06
 326.08
 327.08
 328.08
 329.07
 330.09
 331.09
 332.07
 333.07
 334.08
 335.07
 336.08
 337.09
 338.08
 339.09
 340.08
 341.09
 342.09
 343.09
 344.08
 345.08
 346.07
 347.07
 348.07
 349.06
 350.06
 351.08
 352.10
 353.09
 354.07
 355.08
 356.08
 357.07
 358.09
 359.09
