   0.08
   1.09
   2.10
   3.08
   4.06
   5.08
   6.08
   7.07
   8.08
   9.07
  10.07
  11.07
  12.07
  13.08
  14.09
  15.09
  16.08
  17.08
  18.08
  19.08
  20.08
  21.07
  22.09
  23.08
  24.07
  25.08
  26.08
  27.07
  28.07
  29.08
  30.07
  31.07
  32.08
  33.09
  34.09
  35.08
  36.08
  37.08
  38.09
  39.08
  40.07
  41.08
  42.08
  43.09
  44.09
  45.08
  46.07
  47.07
  48.08
  49.08
  50.07
  51.06
  52.07
  53.07
  54.08
  55.08
  56.08
  57.08
  58.08
  59.08
  60.09
  61.08
  62.07
  63.08
  64.08
  65.09
  66.09
  67.08
  68.08
  69.07
  70.08
  71.07
  72.08
  73.08
  74.07
  75.08
  76.08
  77.07
  78.09
  79.08
  80.08
  81.09
  82.08
  83.08
  84.08
  85.09
  86.09
  87.08
  88.09
  89.07
  90.06
  91.07
  92.07
  93.08
  94.08
  95.07
  96.08
  97.08
  98.09
  99.09
 100.08
 101.08
 102.07
 103.08
 104.08
 105.08
 106.08
 107.07
 108.07
 109.08
 110.08
 111.08
 112.08
 113.08
 114.07
 115.08
 116.08
 117.08
 118.08
 119.07
 120.07
 121.07
 122.07
 123.07
 124.07
 125.08
 126.09
 127.08
 128.09
 129.08
 130.09
 131.08
 132.07
 133.08
 134.09
 135.06
 136.08
 137.08
 138.08
 139.07
 140.08
 141.09
 142.09
 143.08
 144.08
 145.08
 146.08
 147.08
 148.08
 149.07
 150.08
 151.09
 152.08
 153.08
 154.07
 155.08
 156.07
 157.08
 158.07
 159.07
 160.07
 161.07
 162.08
 163.08
 164.08
 165.07
 166.07
 167.08
 168.07
 169.08
 170.08
 171.08
 172.08
 173.09
 174.09
 175.09
 176.08
 177.08
 178.09
 179.09
 180.08
 181.08
 182.08
 183.08
 184.08
 185.08
 186.08
 187.07
 188.08
 189.09
 190.09
 191.10
 192.08
 193.07
 194.08
 195.08
 196.08
 197.07
 198.08
 199.08
 200.07
 201.08
 202.08
 203.07
 204.06
 205.07
 206.10
 207.09
 208.08
 209.08
 210.07
 211.08
 212.07
 213.08
 214.08
 215.10
 216.08
 217.08
 218.08
 219.08
 220.08
 221.07
 222.07
 223.06
 224.07
 225.08
 226.09
 227.09
 228.10
 229.08
 230.08
 231.08
 232.09
 233.09
 234.08
 235.08
 236.08
 237.08
 238.07
 239.08
 240.10
 241.09
 242.08
 243.08
 244.10
 245.08
 246.09
 247.08
 248.08
 249.08
 250.08
 251.08
 252.08
 253.08
 254.07
 255.07
 256.07
 257.06
 258.08
 259.09
 260.08
 261.08
 262.08
 263.08
 264.08
 265.07
 266.08
 267.07
 268.09
 269.10
 270.08
 271.06
 272.06
 273.08
 274.07
 275.08
 276.08
 277.08
 278.09
 279.08
 280.06
 281.07
 282.09
 283.08
 284.10
 285.10
 286.08
 287.08
 288.07
 289.07
 290.07
 291.08
 292.08
 293.08
 294.08
 295.08
 296.07
 297.07
 298.08
 299.08
 300.07
 301.07
 302.08
 303.08
 304.08
 305.08
 306.08
 307.09
 308.08
 309.09
 310.09
 311.09
 312.08
 313.08
 314.09
 315.07
 316.08
 317.10
 318.09
 319.07
 320.06
 321.07
 322.08
 323.07
 324.07
 325.07
 326.08
 327.08
 328.07
 329.09
 330.08
 331.09
 332.08
 333.08
 334.09
 335.09
 336.09
 337.09
 338.07
 339.08
 340.08
 341.08
 342.08
 343.08
 344.08
 345.07
 346.07
 347.08
 348.09
 349.08
 350.08
 351.08
 352.07
 353.07
 354.08
 355.08
 356.08
 357.09
 358.09
 359.09
