   0.09
   1.09
   2.08
   3.08
   4.09
   5.08
   6.08
   7.09
   8.07
   9.07
  10.07
  11.07
  12.08
  13.09
  14.07
  15.07
  16.08
  17.09
  18.08
  19.08
  20.08
  21.07
  22.07
  23.07
  24.07
  25.08
  26.07
  27.07
  28.07
  29.07
  30.07
  31.08
  32.08
  33.07
  34.07
  35.08
  36.08
  37.07
  38.08
  39.09
  40.08
  41.07
  42.08
  43.07
  44.08
  45.07
  46.07
  47.08
  48.08
  49.06
  50.08
  51.07
  52.07
  53.08
  54.07
  55.06
  56.07
  57.08
  58.08
  59.07
  60.08
  61.08
  62.08
  63.08
  64.08
  65.07
  66.07
  67.08
  68.09
  69.08
  70.07
  71.07
  72.07
  73.08
  74.09
  75.09
  76.07
  77.07
  78.08
  79.09
  80.09
  81.08
  82.07
  83.07
  84.08
  85.09
  86.09
  87.09
  88.07
  89.08
  90.09
  91.09
  92.08
  93.07
  94.07
  95.06
  96.06
  97.06
  98.07
  99.08
 100.08
 101.09
 102.08
 103.07
 104.07
 105.08
 106.09
 107.08
 108.09
 109.09
 110.09
 111.08
 112.08
 113.09
 114.08
 115.09
 116.08
 117.07
 118.08
 119.08
 120.06
 121.07
 122.07
 123.07
 124.08
 125.08
 126.07
 127.07
 128.08
 129.09
 130.08
 131.07
 132.06
 133.07
 134.08
 135.09
 136.09
 137.08
 138.07
 139.07
 140.07
 141.07
 142.08
 143.08
 144.07
 145.08
 146.09
 147.08
 148.06
 149.08
 150.08
 151.08
 152.08
 153.07
 154.08
 155.09
 156.08
 157.08
 158.08
 159.08
 160.09
 161.09
 162.07
 163.06
 164.07
 165.07
 166.07
 167.07
 168.08
 169.08
 170.07
 171.07
 172.08
 173.08
 174.08
 175.07
 176.08
 177.07
 178.08
 179.07
 180.07
 181.07
 182.08
 183.09
 184.09
 185.09
 186.09
 187.09
 188.09
 189.09
 190.08
 191.09
 192.09
 193.09
 194.08
 195.07
 196.08
 197.08
 198.08
 199.07
 200.06
 201.07
 202.08
 203.08
 204.09
 205.09
 206.08
 207.07
 208.07
 209.06
 210.07
 211.08
 212.08
 213.08
 214.08
 215.09
 216.08
 217.08
 218.09
 219.08
 220.08
 221.09
 222.07
 223.08
 224.09
 225.08
 226.09
 227.10
 228.10
 229.08
 230.07
 231.07
 232.07
 233.06
 234.07
 235.07
 236.08
 237.09
 238.09
 239.08
 240.09
 241.08
 242.08
 243.08
 244.09
 245.09
 246.08
 247.08
 248.09
 249.08
 250.07
 251.08
 252.07
 253.07
 254.07
 255.07
 256.07
 257.06
 258.07
 259.08
 260.07
 261.08
 262.07
 263.07
 264.09
 265.08
 266.07
 267.07
 268.08
 269.09
 270.09
 271.07
 272.07
 273.08
 274.08
 275.08
 276.07
 277.09
 278.10
 279.08
 280.08
 281.08
 282.08
 283.08
 284.08
 285.08
 286.08
 287.08
 288.09
 289.08
 290.09
 291.09
 292.08
 293.08
 294.08
 295.09
 296.08
 297.09
 298.09
 299.08
 300.08
 301.07
 302.04
 303.06
 304.07
 305.08
 306.08
 307.07
 308.07
 309.08
 310.07
 311.06
 312.08
 313.07
 314.07
 315.08
 316.09
 317.10
 318.08
 319.08
 320.09
 321.08
 322.08
 323.07
 324.08
 325.08
 326.07
 327.08
 328.08
 329.08
 330.08
 331.09
 332.09
 333.08
 334.09
 335.08
 336.09
 337.08
 338.08
 339.08
 340.08
 341.08
 342.07
 343.08
 344.08
 345.07
 346.07
 347.07
 348.09
 349.08
 350.08
 351.07
 352.08
 353.08
 354.08
 355.09
 356.08
 357.07
 358.08
 359.08
