   0.07
   1.06
   2.07
   3.08
   4.07
   5.07
   6.07
   7.08
   8.06
   9.06
  10.08
  11.07
  12.07
  13.07
  14.07
  15.07
  16.06
  17.08
  18.07
  19.07
  20.06
  21.06
  22.07
  23.07
  24.07
  25.06
  26.06
  27.07
  28.06
  29.06
  30.07
  31.07
  32.06
  33.06
  34.07
  35.07
  36.07
  37.07
  38.08
  39.07
  40.06
  41.07
  42.06
  43.07
  44.07
  45.07
  46.06
  47.05
  48.07
  49.08
  50.06
  51.06
  52.06
  53.06
  54.06
  55.06
  56.06
  57.08
  58.07
  59.06
  60.06
  61.07
  62.08
  63.07
  64.06
  65.06
  66.06
  67.06
  68.06
  69.07
  70.08
  71.10
  72.07
  73.07
  74.08
  75.07
  76.08
  77.07
  78.06
  79.07
  80.07
  81.07
  82.07
  83.06
  84.07
  85.06
  86.06
  87.08
  88.07
  89.07
  90.07
  91.07
  92.07
  93.07
  94.07
  95.08
  96.08
  97.06
  98.07
  99.07
 100.07
 101.07
 102.07
 103.07
 104.06
 105.06
 106.06
 107.06
 108.08
 109.07
 110.06
 111.06
 112.07
 113.07
 114.06
 115.07
 116.07
 117.08
 118.08
 119.07
 120.06
 121.07
 122.05
 123.06
 124.07
 125.07
 126.08
 127.07
 128.07
 129.09
 130.08
 131.06
 132.07
 133.07
 134.07
 135.08
 136.08
 137.08
 138.07
 139.07
 140.07
 141.07
 142.07
 143.07
 144.04
 145.06
 146.07
 147.07
 148.07
 149.06
 150.06
 151.05
 152.06
 153.06
 154.07
 155.07
 156.06
 157.06
 158.07
 159.06
 160.07
 161.06
 162.06
 163.06
 164.07
 165.06
 166.07
 167.07
 168.07
 169.08
 170.07
 171.07
 172.06
 173.06
 174.07
 175.07
 176.07
 177.06
 178.06
 179.08
 180.07
 181.06
 182.06
 183.07
 184.07
 185.06
 186.07
 187.06
 188.07
 189.07
 190.06
 191.07
 192.07
 193.06
 194.06
 195.08
 196.06
 197.06
 198.07
 199.07
 200.07
 201.06
 202.07
 203.07
 204.06
 205.06
 206.07
 207.06
 208.07
 209.07
 210.06
 211.06
 212.06
 213.06
 214.08
 215.07
 216.07
 217.07
 218.08
 219.08
 220.07
 221.07
 222.07
 223.07
 224.07
 225.07
 226.06
 227.06
 228.07
 229.07
 230.07
 231.06
 232.06
 233.06
 234.06
 235.07
 236.07
 237.07
 238.07
 239.07
 240.06
 241.06
 242.07
 243.04
 244.07
 245.06
 246.07
 247.08
 248.07
 249.08
 250.09
 251.06
 252.07
 253.08
 254.06
 255.06
 256.07
 257.08
 258.07
 259.07
 260.07
 261.07
 262.07
 263.07
 264.08
 265.07
 266.06
 267.06
 268.06
 269.06
 270.07
 271.08
 272.06
 273.07
 274.06
 275.06
 276.06
 277.05
 278.06
 279.07
 280.07
 281.06
 282.05
 283.07
 284.07
 285.07
 286.07
 287.07
 288.06
 289.05
 290.05
 291.07
 292.06
 293.05
 294.06
 295.06
 296.07
 297.06
 298.06
 299.06
 300.06
 301.07
 302.07
 303.06
 304.06
 305.06
 306.07
 307.08
 308.08
 309.06
 310.07
 311.05
 312.05
 313.06
 314.07
 315.06
 316.07
 317.07
 318.07
 319.07
 320.07
 321.06
 322.07
 323.08
 324.07
 325.06
 326.06
 327.07
 328.06
 329.06
 330.06
 331.07
 332.07
 333.08
 334.07
 335.07
 336.06
 337.07
 338.07
 339.08
 340.07
 341.06
 342.06
 343.07
 344.07
 345.06
 346.07
 347.07
 348.07
 349.07
 350.07
 351.08
 352.07
 353.07
 354.08
 355.08
 356.07
 357.07
 358.07
 359.06
