   0.09
   1.08
   2.08
   3.09
   4.08
   5.08
   6.08
   7.08
   8.07
   9.08
  10.09
  11.09
  12.09
  13.10
  14.08
  15.08
  16.09
  17.09
  18.08
  19.09
  20.08
  21.09
  22.09
  23.09
  24.08
  25.08
  26.08
  27.08
  28.09
  29.09
  30.09
  31.08
  32.08
  33.09
  34.08
  35.08
  36.08
  37.11
  38.11
  39.08
  40.11
  41.12
  42.09
  43.08
  44.07
  45.09
  46.08
  47.07
  48.08
  49.08
  50.06
  51.08
  52.08
  53.08
  54.09
  55.07
  56.07
  57.08
  58.08
  59.08
  60.08
  61.08
  62.09
  63.09
  64.08
  65.09
  66.08
  67.07
  68.08
  69.07
  70.08
  71.08
  72.08
  73.09
  74.08
  75.08
  76.09
  77.09
  78.09
  79.08
  80.08
  81.08
  82.07
  83.07
  84.07
  85.08
  86.09
  87.09
  88.08
  89.09
  90.10
  91.10
  92.10
  93.09
  94.08
  95.08
  96.08
  97.09
  98.09
  99.08
 100.07
 101.08
 102.08
 103.08
 104.10
 105.08
 106.08
 107.08
 108.08
 109.08
 110.09
 111.09
 112.08
 113.07
 114.08
 115.10
 116.10
 117.08
 118.09
 119.10
 120.09
 121.07
 122.08
 123.10
 124.09
 125.08
 126.09
 127.08
 128.07
 129.08
 130.08
 131.08
 132.08
 133.07
 134.07
 135.08
 136.08
 137.09
 138.07
 139.08
 140.08
 141.08
 142.09
 143.08
 144.08
 145.09
 146.09
 147.09
 148.08
 149.08
 150.09
 151.08
 152.08
 153.09
 154.07
 155.07
 156.08
 157.09
 158.08
 159.08
 160.08
 161.09
 162.08
 163.08
 164.07
 165.08
 166.07
 167.07
 168.08
 169.09
 170.07
 171.07
 172.08
 173.08
 174.09
 175.09
 176.08
 177.06
 178.07
 179.09
 180.10
 181.08
 182.08
 183.08
 184.08
 185.08
 186.08
 187.08
 188.08
 189.08
 190.08
 191.08
 192.07
 193.08
 194.09
 195.08
 196.08
 197.09
 198.09
 199.08
 200.07
 201.08
 202.08
 203.08
 204.08
 205.08
 206.07
 207.08
 208.08
 209.08
 210.09
 211.09
 212.09
 213.08
 214.08
 215.09
 216.09
 217.09
 218.09
 219.08
 220.09
 221.09
 222.08
 223.10
 224.08
 225.08
 226.09
 227.08
 228.07
 229.08
 230.08
 231.10
 232.09
 233.08
 234.07
 235.07
 236.08
 237.09
 238.08
 239.08
 240.09
 241.09
 242.09
 243.09
 244.09
 245.08
 246.08
 247.09
 248.10
 249.09
 250.08
 251.08
 252.07
 253.07
 254.08
 255.08
 256.09
 257.09
 258.09
 259.09
 260.09
 261.08
 262.08
 263.08
 264.08
 265.08
 266.09
 267.09
 268.08
 269.08
 270.08
 271.09
 272.07
 273.08
 274.08
 275.06
 276.08
 277.08
 278.07
 279.08
 280.09
 281.09
 282.10
 283.05
 284.06
 285.10
 286.09
 287.09
 288.09
 289.09
 290.08
 291.08
 292.08
 293.08
 294.09
 295.08
 296.08
 297.08
 298.08
 299.09
 300.09
 301.07
 302.06
 303.09
 304.09
 305.08
 306.08
 307.08
 308.09
 309.09
 310.09
 311.09
 312.09
 313.08
 314.08
 315.07
 316.06
 317.08
 318.08
 319.07
 320.08
 321.09
 322.08
 323.08
 324.09
 325.08
 326.09
 327.09
 328.08
 329.08
 330.07
 331.07
 332.07
 333.07
 334.10
 335.09
 336.08
 337.08
 338.08
 339.08
 340.08
 341.07
 342.07
 343.08
 344.08
 345.07
 346.06
 347.08
 348.08
 349.08
 350.08
 351.09
 352.10
 353.09
 354.09
 355.09
 356.09
 357.09
 358.09
 359.09
