   0.08
   1.07
   2.07
   3.08
   4.07
   5.06
   6.06
   7.06
   8.08
   9.07
  10.06
  11.07
  12.07
  13.07
  14.07
  15.08
  16.06
  17.06
  18.08
  19.07
  20.07
  21.07
  22.07
  23.08
  24.07
  25.05
  26.06
  27.09
  28.09
  29.07
  30.07
  31.07
  32.08
  33.07
  34.09
  35.07
  36.06
  37.07
  38.08
  39.07
  40.06
  41.07
  42.07
  43.06
  44.07
  45.07
  46.08
  47.07
  48.07
  49.08
  50.07
  51.08
  52.08
  53.06
  54.06
  55.07
  56.07
  57.07
  58.08
  59.07
  60.08
  61.07
  62.07
  63.07
  64.06
  65.07
  66.07
  67.08
  68.07
  69.07
  70.08
  71.07
  72.06
  73.07
  74.07
  75.06
  76.07
  77.06
  78.05
  79.05
  80.08
  81.08
  82.08
  83.07
  84.08
  85.08
  86.07
  87.07
  88.06
  89.07
  90.07
  91.07
  92.07
  93.07
  94.08
  95.07
  96.08
  97.07
  98.06
  99.06
 100.07
 101.09
 102.08
 103.07
 104.07
 105.08
 106.08
 107.06
 108.07
 109.07
 110.09
 111.09
 112.07
 113.07
 114.07
 115.07
 116.06
 117.07
 118.07
 119.07
 120.06
 121.06
 122.07
 123.07
 124.08
 125.08
 126.08
 127.07
 128.07
 129.08
 130.08
 131.08
 132.07
 133.07
 134.07
 135.08
 136.08
 137.08
 138.07
 139.06
 140.06
 141.08
 142.07
 143.06
 144.07
 145.09
 146.08
 147.08
 148.08
 149.08
 150.07
 151.07
 152.08
 153.06
 154.07
 155.07
 156.07
 157.05
 158.06
 159.08
 160.08
 161.07
 162.07
 163.07
 164.07
 165.08
 166.08
 167.07
 168.06
 169.07
 170.07
 171.07
 172.08
 173.08
 174.08
 175.07
 176.08
 177.06
 178.06
 179.07
 180.09
 181.09
 182.07
 183.07
 184.07
 185.06
 186.07
 187.08
 188.07
 189.06
 190.07
 191.08
 192.08
 193.08
 194.07
 195.07
 196.07
 197.07
 198.08
 199.09
 200.07
 201.07
 202.10
 203.07
 204.07
 205.09
 206.08
 207.06
 208.06
 209.06
 210.07
 211.07
 212.06
 213.05
 214.06
 215.07
 216.08
 217.07
 218.08
 219.08
 220.08
 221.09
 222.07
 223.06
 224.06
 225.07
 226.07
 227.06
 228.07
 229.08
 230.09
 231.08
 232.08
 233.07
 234.07
 235.07
 236.09
 237.08
 238.07
 239.07
 240.06
 241.07
 242.07
 243.08
 244.10
 245.07
 246.07
 247.06
 248.06
 249.07
 250.07
 251.06
 252.07
 253.06
 254.07
 255.07
 256.06
 257.06
 258.08
 259.08
 260.06
 261.04
 262.06
 263.07
 264.08
 265.09
 266.08
 267.07
 268.07
 269.08
 270.06
 271.06
 272.07
 273.07
 274.08
 275.07
 276.07
 277.07
 278.08
 279.07
 280.08
 281.04
 282.03
 283.08
 284.08
 285.09
 286.09
 287.06
 288.06
 289.06
 290.06
 291.07
 292.06
 293.07
 294.06
 295.07
 296.09
 297.07
 298.06
 299.09
 300.10
 301.07
 302.08
 303.07
 304.07
 305.07
 306.07
 307.07
 308.07
 309.07
 310.07
 311.06
 312.06
 313.06
 314.07
 315.08
 316.08
 317.09
 318.08
 319.08
 320.06
 321.05
 322.06
 323.07
 324.07
 325.07
 326.06
 327.07
 328.08
 329.08
 330.08
 331.09
 332.07
 333.06
 334.06
 335.06
 336.07
 337.08
 338.07
 339.06
 340.07
 341.07
 342.07
 343.06
 344.05
 345.06
 346.09
 347.07
 348.07
 349.08
 350.07
 351.07
 352.07
 353.07
 354.08
 355.07
 356.07
 357.07
 358.07
 359.08
