   0.46
   1.46
   2.45
   3.44
   4.44
   5.45
   6.45
   7.46
   8.45
   9.44
  10.45
  11.44
  12.46
  13.45
  14.47
  15.46
  16.46
  17.44
  18.43
  19.46
  20.45
  21.44
  22.46
  23.47
  24.46
  25.45
  26.46
  27.45
  28.44
  29.45
  30.44
  31.45
  32.46
  33.44
  34.46
  35.45
  36.43
  37.46
  38.45
  39.45
  40.43
  41.46
  42.44
  43.44
  44.47
  45.47
  46.44
  47.44
  48.46
  49.44
  50.46
  51.44
  52.45
  53.46
  54.45
  55.45
  56.45
  57.45
  58.45
  59.44
  60.45
  61.44
  62.46
  63.45
  64.45
  65.44
  66.45
  67.46
  68.46
  69.46
  70.44
  71.45
  72.47
  73.45
  74.45
  75.43
  76.44
  77.44
  78.46
  79.45
  80.47
  81.44
  82.43
  83.44
  84.44
  85.47
  86.45
  87.44
  88.46
  89.45
  90.46
  91.44
  92.46
  93.46
  94.45
  95.45
  96.45
  97.45
  98.45
  99.46
 100.44
 101.46
 102.44
 103.46
 104.44
 105.45
 106.46
 107.44
 108.45
 109.45
 110.45
 111.46
 112.45
 113.45
 114.45
 115.45
 116.44
 117.47
 118.44
 119.45
 120.45
 121.44
 122.43
 123.47
 124.45
 125.45
 126.44
 127.44
 128.44
 129.45
 130.47
 131.46
 132.46
 133.43
 134.46
 135.44
 136.46
 137.46
 138.47
 139.45
 140.43
 141.44
 142.45
 143.45
 144.45
 145.46
 146.45
 147.46
 148.45
 149.46
 150.46
 151.44
 152.46
 153.44
 154.44
 155.47
 156.45
 157.47
 158.46
 159.44
 160.45
 161.44
 162.43
 163.45
 164.45
 165.47
 166.45
 167.45
 168.46
 169.46
 170.45
 171.44
 172.43
 173.45
 174.46
 175.45
 176.46
 177.45
 178.44
 179.46
 180.47
 181.46
 182.44
 183.44
 184.45
 185.45
 186.48
 187.45
 188.44
 189.43
 190.45
 191.45
 192.47
 193.46
 194.46
 195.45
 196.45
 197.45
 198.45
 199.45
 200.44
 201.44
 202.46
 203.46
 204.45
 205.46
 206.46
 207.44
 208.45
 209.48
 210.45
 211.45
 212.44
 213.42
 214.45
 215.46
 216.46
 217.47
 218.44
 219.44
 220.45
 221.45
 222.46
 223.45
 224.47
 225.47
 226.43
 227.45
 228.45
 229.46
 230.46
 231.46
 232.45
 233.45
 234.45
 235.45
 236.47
 237.46
 238.45
 239.46
 240.45
 241.44
 242.45
 243.47
 244.45
 245.46
 246.44
 247.45
 248.43
 249.44
 250.46
 251.46
 252.44
 253.43
 254.45
 255.44
 256.45
 257.45
 258.45
 259.46
 260.46
 261.46
 262.43
 263.43
 264.45
 265.45
 266.46
 267.45
 268.44
 269.46
 270.44
 271.46
 272.45
 273.47
 274.44
 275.45
 276.44
 277.43
 278.46
 279.44
 280.45
 281.47
 282.46
 283.45
 284.45
 285.44
 286.44
 287.45
 288.48
 289.44
 290.40
 291.46
 292.44
 293.43
 294.46
 295.44
 296.44
 297.45
 298.45
 299.46
 300.43
 301.44
 302.45
 303.45
 304.46
 305.46
 306.45
 307.43
 308.45
 309.46
 310.45
 311.45
 312.46
 313.44
 314.46
 315.46
 316.44
 317.45
 318.45
 319.46
 320.45
 321.43
 322.46
 323.45
 324.45
 325.44
 326.46
 327.44
 328.45
 329.45
 330.45
 331.44
 332.47
 333.46
 334.45
 335.45
 336.43
 337.45
 338.46
 339.47
 340.44
 341.45
 342.44
 343.44
 344.45
 345.45
 346.46
 347.47
 348.45
 349.45
 350.45
 351.45
 352.43
 353.44
 354.45
 355.46
 356.46
 357.46
 358.44
 359.44
