   0.07
   1.07
   2.06
   3.07
   4.06
   5.08
   6.06
   7.06
   8.07
   9.08
  10.08
  11.08
  12.07
  13.07
  14.09
  15.08
  16.08
  17.09
  18.09
  19.08
  20.08
  21.07
  22.08
  23.08
  24.07
  25.08
  26.08
  27.07
  28.07
  29.08
  30.08
  31.07
  32.08
  33.09
  34.07
  35.08
  36.07
  37.07
  38.08
  39.07
  40.07
  41.07
  42.08
  43.07
  44.08
  45.07
  46.07
  47.07
  48.07
  49.07
  50.06
  51.07
  52.07
  53.08
  54.08
  55.07
  56.07
  57.07
  58.08
  59.08
  60.08
  61.08
  62.08
  63.08
  64.07
  65.08
  66.07
  67.06
  68.06
  69.08
  70.07
  71.06
  72.08
  73.05
  74.04
  75.07
  76.08
  77.07
  78.07
  79.06
  80.06
  81.06
  82.07
  83.06
  84.07
  85.08
  86.08
  87.09
  88.09
  89.08
  90.08
  91.08
  92.07
  93.07
  94.06
  95.05
  96.06
  97.06
  98.07
  99.07
 100.07
 101.08
 102.08
 103.08
 104.07
 105.07
 106.07
 107.07
 108.08
 109.10
 110.07
 111.07
 112.07
 113.06
 114.06
 115.06
 116.06
 117.06
 118.08
 119.08
 120.07
 121.06
 122.06
 123.07
 124.07
 125.06
 126.06
 127.06
 128.07
 129.06
 130.06
 131.07
 132.06
 133.06
 134.07
 135.08
 136.07
 137.07
 138.07
 139.07
 140.07
 141.08
 142.07
 143.06
 144.06
 145.06
 146.06
 147.06
 148.06
 149.07
 150.06
 151.06
 152.07
 153.07
 154.06
 155.06
 156.06
 157.08
 158.08
 159.08
 160.08
 161.08
 162.08
 163.06
 164.06
 165.07
 166.07
 167.07
 168.07
 169.08
 170.08
 171.08
 172.09
 173.08
 174.07
 175.07
 176.07
 177.07
 178.09
 179.07
 180.07
 181.08
 182.07
 183.07
 184.07
 185.07
 186.07
 187.08
 188.07
 189.06
 190.07
 191.07
 192.07
 193.08
 194.08
 195.08
 196.08
 197.08
 198.07
 199.06
 200.06
 201.09
 202.08
 203.07
 204.06
 205.05
 206.07
 207.07
 208.06
 209.07
 210.08
 211.07
 212.06
 213.07
 214.07
 215.08
 216.08
 217.08
 218.08
 219.07
 220.08
 221.06
 222.07
 223.06
 224.07
 225.06
 226.06
 227.08
 228.07
 229.06
 230.07
 231.08
 232.07
 233.07
 234.06
 235.06
 236.06
 237.07
 238.07
 239.05
 240.06
 241.07
 242.08
 243.08
 244.07
 245.07
 246.07
 247.08
 248.07
 249.08
 250.06
 251.07
 252.08
 253.08
 254.08
 255.07
 256.07
 257.08
 258.08
 259.08
 260.08
 261.08
 262.06
 263.07
 264.07
 265.07
 266.08
 267.07
 268.06
 269.07
 270.09
 271.08
 272.07
 273.09
 274.07
 275.07
 276.08
 277.06
 278.05
 279.06
 280.06
 281.07
 282.08
 283.07
 284.08
 285.07
 286.07
 287.07
 288.06
 289.07
 290.07
 291.07
 292.08
 293.07
 294.07
 295.07
 296.06
 297.08
 298.08
 299.08
 300.08
 301.08
 302.06
 303.07
 304.07
 305.07
 306.08
 307.07
 308.05
 309.06
 310.08
 311.08
 312.08
 313.08
 314.07
 315.06
 316.06
 317.09
 318.07
 319.07
 320.08
 321.06
 322.07
 323.07
 324.08
 325.07
 326.07
 327.07
 328.07
 329.07
 330.07
 331.06
 332.06
 333.08
 334.09
 335.07
 336.07
 337.08
 338.07
 339.07
 340.10
 341.10
 342.07
 343.07
 344.07
 345.07
 346.06
 347.06
 348.07
 349.07
 350.07
 351.07
 352.08
 353.08
 354.06
 355.07
 356.08
 357.07
 358.07
 359.08
