   0.45
   1.48
   2.47
   3.46
   4.42
   5.48
   6.46
   7.47
   8.43
   9.45
  10.45
  11.44
  12.47
  13.46
  14.44
  15.44
  16.46
  17.46
  18.47
  19.46
  20.45
  21.44
  22.44
  23.46
  24.49
  25.46
  26.45
  27.42
  28.45
  29.46
  30.45
  31.49
  32.48
  33.45
  34.43
  35.44
  36.46
  37.45
  38.44
  39.48
  40.43
  41.45
  42.46
  43.42
  44.43
  45.46
  46.46
  47.41
  48.46
  49.44
  50.47
  51.47
  52.45
  53.44
  54.44
  55.44
  56.47
  57.44
  58.44
  59.42
  60.41
  61.44
  62.47
  63.48
  64.45
  65.46
  66.44
  67.45
  68.44
  69.44
  70.44
  71.45
  72.49
  73.48
  74.47
  75.41
  76.39
  77.44
  78.51
  79.49
  80.47
  81.38
  82.39
  83.44
  84.48
  85.48
  86.45
  87.42
  88.43
  89.44
  90.45
  91.46
  92.46
  93.44
  94.45
  95.45
  96.46
  97.47
  98.45
  99.42
 100.43
 101.45
 102.46
 103.51
 104.48
 105.45
 106.41
 107.45
 108.42
 109.42
 110.46
 111.45
 112.46
 113.47
 114.45
 115.46
 116.46
 117.44
 118.46
 119.46
 120.46
 121.46
 122.45
 123.44
 124.45
 125.46
 126.47
 127.45
 128.46
 129.42
 130.44
 131.45
 132.43
 133.46
 134.49
 135.45
 136.47
 137.46
 138.45
 139.46
 140.42
 141.42
 142.42
 143.43
 144.51
 145.49
 146.44
 147.46
 148.43
 149.43
 150.50
 151.48
 152.44
 153.39
 154.44
 155.43
 156.46
 157.47
 158.46
 159.43
 160.46
 161.45
 162.47
 163.46
 164.44
 165.43
 166.46
 167.46
 168.48
 169.47
 170.44
 171.41
 172.45
 173.45
 174.47
 175.47
 176.49
 177.47
 178.43
 179.44
 180.42
 181.41
 182.43
 183.45
 184.47
 185.45
 186.46
 187.46
 188.43
 189.45
 190.45
 191.44
 192.45
 193.47
 194.45
 195.45
 196.45
 197.45
 198.46
 199.44
 200.46
 201.43
 202.45
 203.45
 204.44
 205.45
 206.47
 207.46
 208.46
 209.45
 210.44
 211.46
 212.44
 213.45
 214.42
 215.44
 216.46
 217.49
 218.47
 219.46
 220.40
 221.44
 222.46
 223.48
 224.46
 225.42
 226.41
 227.43
 228.44
 229.47
 230.46
 231.44
 232.43
 233.48
 234.48
 235.47
 236.45
 237.45
 238.43
 239.46
 240.45
 241.47
 242.45
 243.42
 244.46
 245.46
 246.46
 247.49
 248.50
 249.47
 250.46
 251.41
 252.42
 253.43
 254.47
 255.46
 256.46
 257.44
 258.45
 259.46
 260.45
 261.43
 262.46
 263.42
 264.46
 265.47
 266.46
 267.46
 268.47
 269.45
 270.46
 271.46
 272.45
 273.44
 274.45
 275.45
 276.42
 277.45
 278.45
 279.45
 280.48
 281.49
 282.45
 283.45
 284.44
 285.43
 286.41
 287.47
 288.49
 289.47
 290.46
 291.40
 292.41
 293.45
 294.48
 295.48
 296.46
 297.42
 298.41
 299.44
 300.46
 301.49
 302.46
 303.42
 304.42
 305.45
 306.45
 307.48
 308.44
 309.43
 310.44
 311.47
 312.46
 313.46
 314.45
 315.42
 316.45
 317.45
 318.45
 319.50
 320.49
 321.47
 322.42
 323.45
 324.43
 325.45
 326.46
 327.44
 328.45
 329.45
 330.45
 331.47
 332.46
 333.45
 334.46
 335.43
 336.44
 337.46
 338.47
 339.48
 340.47
 341.46
 342.45
 343.42
 344.42
 345.43
 346.45
 347.47
 348.47
 349.46
 350.45
 351.44
 352.45
 353.49
 354.45
 355.45
 356.41
 357.45
 358.43
 359.46
