   1.00
   2.01
   3.00
   3.99
   4.99
   6.00
   7.00
   8.00
   9.00
  10.01
  11.00
  11.99
  12.99
  14.01
  15.00
  16.00
  17.00
  18.01
  19.01
  20.00
  20.99
  22.00
  23.01
  24.01
  24.99
  26.00
  27.01
  28.00
  29.01
  30.00
  31.00
  32.01
  33.00
  34.01
  34.99
  36.00
  36.99
  38.01
  39.01
  40.00
  40.99
  42.00
  43.00
  43.99
  44.99
  45.99
  47.00
  48.00
  49.03
  49.99
  50.99
  51.99
  53.00
  53.99
  55.00
  55.99
  57.00
  57.99
  59.00
  60.00
  61.00
  62.00
  62.99
  63.99
  65.00
  66.01
  67.01
  68.02
  69.01
  70.00
  71.00
  72.00
  73.01
  74.01
  75.00
  76.00
  77.00
  77.99
  78.99
  80.01
  81.00
  82.00
  83.01
  84.00
  85.00
  86.00
  87.02
  88.01
  89.00
  90.00
  91.00
  92.00
  93.00
  93.99
  95.00
  96.00
  96.99
  98.01
  99.00
 100.00
 101.00
 102.01
 103.01
 103.99
 105.00
 106.00
 106.99
 108.00
 109.00
 110.00
 111.00
 112.00
 113.00
 113.99
 115.00
 116.01
 116.99
 118.00
 119.00
 120.00
 121.00
 121.99
 123.00
 123.99
 125.00
 126.02
 127.01
 128.00
 129.02
 130.01
 131.00
 131.99
 133.01
 134.01
 134.99
 136.01
 136.99
 138.01
 138.99
 140.01
 140.99
 141.99
 143.00
 144.01
 145.00
 145.99
 146.99
 148.00
 149.00
 150.00
 151.00
 152.00
 153.00
 154.00
 155.00
 156.01
 157.00
 158.00
 159.00
 159.99
 161.00
 162.00
 162.99
 164.00
 165.00
 166.00
 167.00
 167.99
 169.01
 170.01
 171.00
 172.00
 172.99
 174.00
 175.00
 176.00
 177.00
 178.00
 179.01
 179.99
 181.00
 182.00
 182.99
 184.00
 185.00
 186.00
 186.99
 187.99
 188.99
 190.00
 191.00
 192.01
 192.99
 194.01
 195.00
 196.00
 197.00
 197.99
 199.00
 200.01
 200.99
 202.00
 203.00
 203.99
 204.99
 205.99
 207.01
 208.01
 208.98
 210.00
 211.00
 211.99
 213.00
 214.01
 215.01
 216.01
 217.01
 218.00
 219.01
 220.00
 221.00
 222.01
 223.01
 224.00
 225.00
 226.00
 227.00
 228.01
 229.00
 230.00
 231.00
 232.01
 233.01
 234.00
 234.99
 236.01
 237.00
 237.99
 239.01
 240.00
 241.00
 242.01
 243.01
 244.00
 245.00
 246.00
 247.00
 248.02
 249.01
 250.01
 251.00
 252.00
 253.00
 253.99
 255.01
 256.00
 257.00
 258.01
 259.00
 260.01
 261.01
 261.99
 263.01
 264.00
 264.99
 266.00
 266.99
 267.99
 269.02
 270.01
 271.00
 272.00
 273.00
 274.00
 274.99
 276.01
 276.99
 278.00
 279.00
 280.00
 281.01
 282.00
 283.00
 284.00
 285.00
 286.00
 287.01
 288.00
 289.00
 290.00
 291.00
 292.00
 293.01
 293.99
 295.00
 295.99
 297.00
 298.01
 299.00
 300.01
 301.00
 301.99
 303.01
 304.00
 305.02
 306.00
 306.99
 308.00
 309.00
 310.00
 311.00
 312.00
 312.99
 314.00
 315.00
 316.00
 317.00
 317.99
 318.99
 320.00
 321.00
 321.99
 323.00
 323.99
 325.01
 326.00
 327.00
 327.99
 329.00
 330.01
 331.01
 332.01
 333.01
 334.00
 335.00
 336.01
 337.00
 338.00
 339.00
 339.99
 340.99
 342.00
 343.00
 343.99
 345.00
 345.99
 346.99
 348.00
 349.00
 350.00
 350.99
 352.00
 353.01
 354.00
 355.00
 356.01
 357.00
 357.99
 359.00
 360.00
