   0.08
   1.09
   2.08
   3.07
   4.07
   5.08
   6.08
   7.08
   8.09
   9.09
  10.08
  11.08
  12.08
  13.08
  14.08
  15.08
  16.08
  17.08
  18.09
  19.09
  20.07
  21.08
  22.07
  23.08
  24.07
  25.08
  26.09
  27.10
  28.07
  29.07
  30.07
  31.08
  32.07
  33.06
  34.09
  35.09
  36.07
  37.09
  38.09
  39.09
  40.09
  41.09
  42.07
  43.07
  44.07
  45.08
  46.08
  47.08
  48.08
  49.08
  50.07
  51.07
  52.08
  53.08
  54.08
  55.08
  56.06
  57.08
  58.09
  59.10
  60.09
  61.09
  62.08
  63.08
  64.08
  65.08
  66.09
  67.08
  68.07
  69.09
  70.10
  71.08
  72.08
  73.07
  74.06
  75.07
  76.08
  77.09
  78.08
  79.08
  80.09
  81.09
  82.09
  83.09
  84.09
  85.08
  86.09
  87.08
  88.08
  89.09
  90.10
  91.08
  92.07
  93.07
  94.08
  95.08
  96.07
  97.07
  98.09
  99.10
 100.09
 101.09
 102.09
 103.09
 104.10
 105.10
 106.07
 107.07
 108.08
 109.07
 110.07
 111.08
 112.07
 113.07
 114.08
 115.08
 116.08
 117.08
 118.08
 119.08
 120.09
 121.08
 122.08
 123.07
 124.07
 125.08
 126.09
 127.10
 128.09
 129.09
 130.09
 131.07
 132.07
 133.08
 134.07
 135.08
 136.07
 137.08
 138.08
 139.08
 140.07
 141.07
 142.08
 143.07
 144.09
 145.07
 146.06
 147.08
 148.07
 149.08
 150.08
 151.08
 152.08
 153.08
 154.08
 155.09
 156.08
 157.07
 158.08
 159.08
 160.07
 161.08
 162.08
 163.07
 164.06
 165.07
 166.07
 167.06
 168.07
 169.08
 170.08
 171.09
 172.08
 173.07
 174.08
 175.08
 176.09
 177.10
 178.08
 179.07
 180.07
 181.08
 182.08
 183.07
 184.07
 185.08
 186.07
 187.08
 188.08
 189.08
 190.08
 191.09
 192.09
 193.09
 194.08
 195.08
 196.09
 197.08
 198.07
 199.09
 200.09
 201.08
 202.09
 203.09
 204.08
 205.08
 206.07
 207.08
 208.08
 209.08
 210.08
 211.09
 212.09
 213.08
 214.08
 215.09
 216.09
 217.09
 218.09
 219.08
 220.08
 221.09
 222.07
 223.07
 224.09
 225.09
 226.08
 227.09
 228.09
 229.09
 230.09
 231.08
 232.06
 233.07
 234.08
 235.08
 236.08
 237.08
 238.08
 239.10
 240.08
 241.08
 242.09
 243.09
 244.08
 245.08
 246.09
 247.09
 248.10
 249.11
 250.10
 251.09
 252.08
 253.08
 254.09
 255.08
 256.09
 257.09
 258.08
 259.07
 260.07
 261.08
 262.08
 263.08
 264.08
 265.09
 266.07
 267.07
 268.09
 269.07
 270.08
 271.08
 272.08
 273.09
 274.10
 275.09
 276.08
 277.07
 278.07
 279.07
 280.07
 281.07
 282.08
 283.07
 284.07
 285.08
 286.08
 287.08
 288.09
 289.09
 290.07
 291.08
 292.09
 293.08
 294.07
 295.07
 296.07
 297.09
 298.09
 299.09
 300.08
 301.07
 302.07
 303.06
 304.08
 305.07
 306.08
 307.09
 308.08
 309.09
 310.09
 311.10
 312.09
 313.09
 314.08
 315.08
 316.08
 317.09
 318.09
 319.08
 320.06
 321.07
 322.07
 323.08
 324.07
 325.07
 326.09
 327.09
 328.08
 329.08
 330.08
 331.08
 332.08
 333.08
 334.08
 335.08
 336.09
 337.08
 338.07
 339.08
 340.09
 341.07
 342.08
 343.09
 344.09
 345.09
 346.09
 347.09
 348.09
 349.09
 350.10
 351.08
 352.08
 353.09
 354.09
 355.08
 356.08
 357.07
 358.07
 359.07
