   0.09
   1.08
   2.10
   3.08
   4.08
   5.09
   6.09
   7.08
   8.07
   9.07
  10.08
  11.09
  12.10
  13.09
  14.08
  15.09
  16.09
  17.09
  18.08
  19.08
  20.09
  21.09
  22.10
  23.09
  24.08
  25.08
  26.08
  27.08
  28.08
  29.08
  30.07
  31.08
  32.07
  33.07
  34.08
  35.09
  36.09
  37.10
  38.09
  39.09
  40.09
  41.08
  42.08
  43.08
  44.09
  45.09
  46.08
  47.08
  48.09
  49.10
  50.08
  51.08
  52.08
  53.08
  54.07
  55.07
  56.08
  57.08
  58.08
  59.08
  60.09
  61.09
  62.10
  63.10
  64.10
  65.07
  66.08
  67.09
  68.09
  69.09
  70.08
  71.08
  72.09
  73.09
  74.08
  75.08
  76.08
  77.07
  78.09
  79.09
  80.08
  81.09
  82.09
  83.11
  84.10
  85.09
  86.10
  87.09
  88.09
  89.08
  90.08
  91.07
  92.09
  93.09
  94.09
  95.08
  96.09
  97.08
  98.07
  99.08
 100.08
 101.10
 102.10
 103.08
 104.06
 105.09
 106.09
 107.09
 108.10
 109.09
 110.09
 111.08
 112.07
 113.07
 114.08
 115.08
 116.08
 117.10
 118.08
 119.09
 120.07
 121.08
 122.09
 123.08
 124.07
 125.08
 126.09
 127.09
 128.08
 129.09
 130.09
 131.08
 132.09
 133.09
 134.08
 135.08
 136.08
 137.08
 138.09
 139.08
 140.08
 141.07
 142.07
 143.09
 144.07
 145.07
 146.07
 147.07
 148.07
 149.07
 150.10
 151.08
 152.08
 153.08
 154.09
 155.09
 156.09
 157.09
 158.09
 159.08
 160.08
 161.08
 162.07
 163.06
 164.06
 165.08
 166.09
 167.09
 168.09
 169.10
 170.10
 171.08
 172.07
 173.08
 174.09
 175.08
 176.08
 177.09
 178.09
 179.09
 180.08
 181.11
 182.11
 183.08
 184.09
 185.09
 186.07
 187.07
 188.07
 189.07
 190.09
 191.08
 192.08
 193.08
 194.10
 195.07
 196.08
 197.08
 198.06
 199.07
 200.08
 201.07
 202.07
 203.09
 204.09
 205.08
 206.07
 207.07
 208.09
 209.06
 210.11
 211.09
 212.08
 213.09
 214.10
 215.10
 216.08
 217.08
 218.10
 219.09
 220.09
 221.08
 222.05
 223.05
 224.07
 225.09
 226.08
 227.10
 228.08
 229.08
 230.08
 231.08
 232.07
 233.08
 234.08
 235.07
 236.08
 237.09
 238.09
 239.08
 240.08
 241.06
 242.08
 243.08
 244.07
 245.07
 246.07
 247.09
 248.09
 249.08
 250.09
 251.09
 252.08
 253.09
 254.09
 255.10
 256.08
 257.07
 258.09
 259.07
 260.07
 261.08
 262.08
 263.08
 264.08
 265.08
 266.10
 267.08
 268.09
 269.09
 270.07
 271.08
 272.08
 273.08
 274.08
 275.08
 276.08
 277.11
 278.09
 279.07
 280.08
 281.09
 282.09
 283.08
 284.07
 285.08
 286.08
 287.08
 288.08
 289.10
 290.09
 291.08
 292.08
 293.08
 294.08
 295.08
 296.08
 297.08
 298.08
 299.08
 300.08
 301.07
 302.07
 303.07
 304.08
 305.07
 306.09
 307.09
 308.10
 309.08
 310.08
 311.09
 312.07
 313.09
 314.08
 315.08
 316.08
 317.08
 318.08
 319.09
 320.09
 321.08
 322.09
 323.06
 324.07
 325.07
 326.07
 327.07
 328.08
 329.08
 330.09
 331.08
 332.08
 333.10
 334.09
 335.09
 336.08
 337.08
 338.08
 339.08
 340.08
 341.08
 342.08
 343.09
 344.09
 345.08
 346.08
 347.09
 348.10
 349.10
 350.09
 351.09
 352.08
 353.08
 354.09
 355.08
 356.09
 357.10
 358.10
 359.09
