   0.07
   1.07
   2.07
   3.07
   4.07
   5.07
   6.07
   7.07
   8.06
   9.07
  10.07
  11.07
  12.08
  13.08
  14.06
  15.07
  16.07
  17.05
  18.08
  19.08
  20.07
  21.07
  22.07
  23.07
  24.09
  25.08
  26.09
  27.06
  28.06
  29.07
  30.07
  31.07
  32.07
  33.08
  34.08
  35.08
  36.07
  37.07
  38.07
  39.06
  40.08
  41.09
  42.08
  43.09
  44.08
  45.08
  46.07
  47.08
  48.08
  49.07
  50.08
  51.08
  52.08
  53.08
  54.07
  55.07
  56.07
  57.08
  58.07
  59.07
  60.07
  61.08
  62.07
  63.08
  64.09
  65.08
  66.08
  67.08
  68.08
  69.06
  70.07
  71.09
  72.08
  73.06
  74.06
  75.07
  76.07
  77.06
  78.08
  79.08
  80.06
  81.06
  82.07
  83.07
  84.07
  85.08
  86.08
  87.07
  88.07
  89.07
  90.07
  91.07
  92.07
  93.07
  94.07
  95.08
  96.07
  97.06
  98.07
  99.07
 100.07
 101.08
 102.08
 103.08
 104.08
 105.06
 106.07
 107.09
 108.08
 109.08
 110.07
 111.08
 112.07
 113.07
 114.08
 115.08
 116.07
 117.08
 118.07
 119.07
 120.07
 121.07
 122.07
 123.09
 124.07
 125.07
 126.09
 127.08
 128.07
 129.08
 130.08
 131.08
 132.09
 133.08
 134.08
 135.09
 136.08
 137.07
 138.06
 139.07
 140.07
 141.08
 142.07
 143.08
 144.08
 145.07
 146.07
 147.09
 148.08
 149.09
 150.08
 151.07
 152.08
 153.08
 154.07
 155.07
 156.08
 157.07
 158.07
 159.07
 160.08
 161.07
 162.07
 163.07
 164.06
 165.07
 166.07
 167.07
 168.07
 169.07
 170.08
 171.08
 172.08
 173.07
 174.06
 175.08
 176.09
 177.09
 178.08
 179.07
 180.07
 181.09
 182.08
 183.08
 184.09
 185.08
 186.08
 187.07
 188.06
 189.06
 190.06
 191.07
 192.07
 193.08
 194.08
 195.07
 196.07
 197.08
 198.08
 199.09
 200.07
 201.07
 202.08
 203.08
 204.09
 205.09
 206.08
 207.06
 208.07
 209.07
 210.06
 211.06
 212.06
 213.07
 214.08
 215.07
 216.07
 217.08
 218.09
 219.08
 220.07
 221.06
 222.06
 223.07
 224.07
 225.06
 226.06
 227.06
 228.06
 229.06
 230.07
 231.06
 232.07
 233.07
 234.07
 235.07
 236.07
 237.07
 238.07
 239.07
 240.07
 241.08
 242.08
 243.08
 244.07
 245.07
 246.08
 247.07
 248.05
 249.05
 250.07
 251.07
 252.07
 253.06
 254.08
 255.07
 256.06
 257.07
 258.07
 259.07
 260.07
 261.07
 262.07
 263.08
 264.08
 265.08
 266.08
 267.07
 268.07
 269.08
 270.08
 271.07
 272.07
 273.07
 274.07
 275.07
 276.04
 277.05
 278.07
 279.07
 280.07
 281.08
 282.08
 283.08
 284.08
 285.07
 286.07
 287.07
 288.08
 289.09
 290.07
 291.06
 292.06
 293.07
 294.07
 295.07
 296.07
 297.07
 298.06
 299.06
 300.08
 301.07
 302.06
 303.07
 304.07
 305.06
 306.07
 307.07
 308.07
 309.07
 310.06
 311.07
 312.07
 313.08
 314.08
 315.08
 316.07
 317.07
 318.08
 319.08
 320.06
 321.05
 322.07
 323.07
 324.07
 325.07
 326.08
 327.08
 328.08
 329.09
 330.08
 331.07
 332.07
 333.07
 334.07
 335.08
 336.07
 337.07
 338.06
 339.07
 340.07
 341.07
 342.08
 343.06
 344.06
 345.06
 346.07
 347.06
 348.06
 349.07
 350.09
 351.07
 352.07
 353.08
 354.07
 355.07
 356.06
 357.07
 358.07
 359.07
