   0.00
   1.00
   2.00
   3.00
   4.00
   4.99
   6.01
   6.99
   8.00
   8.99
  10.00
  11.00
  12.01
  13.01
  14.02
  15.00
  16.00
  17.01
  18.00
  19.01
  20.00
  20.99
  22.00
  23.00
  24.00
  25.01
  26.01
  27.00
  27.98
  29.01
  30.01
  31.00
  31.99
  32.99
  34.00
  35.00
  36.00
  36.99
  38.00
  38.99
  40.00
  41.01
  42.00
  43.00
  43.99
  45.00
  45.99
  47.00
  47.97
  49.00
  49.99
  51.00
  52.00
  53.00
  54.00
  54.99
  55.99
  57.00
  57.99
  59.02
  60.00
  61.00
  62.01
  63.00
  64.00
  64.99
  66.00
  67.00
  67.99
  69.00
  69.99
  70.99
  71.99
  73.00
  73.99
  74.99
  76.01
  76.99
  77.99
  79.00
  79.99
  81.00
  82.00
  83.01
  84.00
  85.01
  86.00
  86.99
  88.01
  89.00
  90.00
  90.99
  91.99
  93.00
  94.00
  95.00
  96.00
  97.00
  98.00
  98.99
 100.01
 101.01
 101.99
 103.01
 104.00
 105.00
 106.00
 107.00
 108.00
 109.01
 110.00
 111.00
 112.00
 113.00
 114.01
 115.00
 116.00
 117.00
 118.00
 118.99
 120.01
 121.01
 122.00
 123.00
 124.01
 124.99
 126.00
 127.00
 128.00
 129.00
 130.00
 130.99
 132.00
 132.99
 134.01
 134.99
 136.01
 137.01
 138.00
 139.00
 139.99
 141.00
 142.00
 142.99
 143.99
 144.99
 146.00
 147.00
 148.02
 149.00
 149.99
 151.01
 152.00
 153.00
 154.01
 155.00
 156.01
 157.01
 158.00
 159.01
 159.99
 161.00
 162.01
 163.00
 164.00
 165.00
 166.00
 167.00
 168.01
 169.01
 170.00
 170.99
 172.01
 173.01
 174.01
 174.99
 176.00
 177.00
 178.01
 179.00
 180.00
 181.00
 181.99
 183.00
 183.99
 185.00
 186.01
 187.00
 188.00
 189.00
 190.01
 191.01
 192.02
 193.01
 193.99
 194.99
 196.00
 197.00
 198.01
 199.00
 200.00
 200.99
 202.00
 203.00
 203.99
 205.00
 205.99
 207.00
 208.00
 209.01
 210.00
 210.99
 212.00
 213.00
 213.99
 215.01
 216.02
 217.00
 218.00
 218.99
 220.01
 221.00
 222.01
 222.99
 224.01
 225.00
 226.00
 227.00
 228.01
 229.00
 230.00
 231.00
 232.00
 233.00
 234.00
 234.99
 236.00
 236.99
 238.00
 239.00
 240.01
 241.01
 242.01
 243.01
 244.00
 244.99
 245.99
 246.99
 248.02
 249.00
 249.99
 250.99
 251.98
 253.00
 254.00
 255.00
 256.00
 257.00
 258.00
 259.00
 260.01
 260.99
 262.00
 263.01
 264.01
 265.01
 266.00
 267.00
 267.99
 269.00
 270.00
 270.99
 272.01
 272.99
 274.00
 274.99
 276.00
 277.00
 277.99
 279.01
 279.99
 280.99
 282.01
 283.01
 284.00
 285.00
 286.00
 287.00
 288.00
 289.00
 289.99
 291.01
 292.00
 293.01
 293.99
 295.00
 296.00
 297.00
 298.00
 298.99
 300.00
 301.00
 301.99
 302.99
 304.01
 304.99
 306.00
 307.00
 308.01
 309.01
 310.00
 311.00
 312.00
 313.01
 313.99
 315.00
 316.00
 317.01
 318.01
 319.00
 320.00
 321.00
 322.00
 323.00
 324.00
 325.00
 326.00
 327.00
 328.02
 329.00
 330.00
 331.00
 332.00
 333.00
 334.00
 335.00
 336.00
 336.99
 338.01
 338.99
 340.00
 341.00
 341.99
 343.00
 344.00
 345.00
 345.99
 347.00
 347.99
 349.00
 350.01
 351.01
 352.00
 353.01
 354.00
 355.00
 355.99
 357.01
 358.01
 359.00
