   0.07
   1.08
   2.08
   3.07
   4.06
   5.07
   6.08
   7.07
   8.07
   9.08
  10.08
  11.08
  12.07
  13.07
  14.08
  15.08
  16.07
  17.07
  18.06
  19.07
  20.07
  21.08
  22.07
  23.07
  24.07
  25.07
  26.08
  27.08
  28.07
  29.07
  30.07
  31.07
  32.08
  33.07
  34.08
  35.07
  36.08
  37.08
  38.08
  39.07
  40.07
  41.07
  42.07
  43.06
  44.07
  45.07
  46.08
  47.08
  48.08
  49.07
  50.06
  51.06
  52.07
  53.07
  54.07
  55.07
  56.07
  57.07
  58.07
  59.07
  60.07
  61.08
  62.08
  63.09
  64.09
  65.07
  66.07
  67.07
  68.06
  69.07
  70.08
  71.08
  72.07
  73.06
  74.06
  75.07
  76.07
  77.07
  78.07
  79.08
  80.08
  81.07
  82.06
  83.07
  84.07
  85.07
  86.08
  87.07
  88.07
  89.07
  90.07
  91.07
  92.06
  93.06
  94.07
  95.08
  96.07
  97.07
  98.07
  99.07
 100.07
 101.05
 102.06
 103.07
 104.07
 105.07
 106.08
 107.08
 108.06
 109.06
 110.07
 111.07
 112.07
 113.06
 114.06
 115.05
 116.06
 117.07
 118.07
 119.06
 120.07
 121.09
 122.07
 123.07
 124.07
 125.09
 126.08
 127.07
 128.08
 129.07
 130.07
 131.06
 132.07
 133.07
 134.09
 135.07
 136.07
 137.08
 138.08
 139.08
 140.08
 141.07
 142.07
 143.09
 144.08
 145.06
 146.07
 147.07
 148.07
 149.07
 150.06
 151.06
 152.06
 153.07
 154.08
 155.08
 156.07
 157.08
 158.07
 159.07
 160.08
 161.07
 162.06
 163.07
 164.06
 165.06
 166.07
 167.06
 168.07
 169.08
 170.07
 171.07
 172.07
 173.06
 174.08
 175.08
 176.07
 177.07
 178.07
 179.06
 180.07
 181.07
 182.08
 183.09
 184.08
 185.08
 186.08
 187.08
 188.08
 189.06
 190.07
 191.06
 192.07
 193.09
 194.08
 195.07
 196.06
 197.07
 198.08
 199.07
 200.08
 201.06
 202.07
 203.07
 204.08
 205.08
 206.06
 207.08
 208.08
 209.07
 210.07
 211.07
 212.07
 213.08
 214.07
 215.06
 216.07
 217.07
 218.06
 219.09
 220.08
 221.08
 222.07
 223.06
 224.06
 225.08
 226.08
 227.05
 228.08
 229.09
 230.08
 231.08
 232.07
 233.06
 234.07
 235.08
 236.07
 237.08
 238.08
 239.08
 240.08
 241.07
 242.06
 243.08
 244.07
 245.07
 246.06
 247.08
 248.08
 249.08
 250.08
 251.06
 252.06
 253.07
 254.07
 255.08
 256.06
 257.07
 258.08
 259.08
 260.08
 261.08
 262.08
 263.08
 264.08
 265.06
 266.06
 267.06
 268.06
 269.06
 270.07
 271.09
 272.09
 273.07
 274.06
 275.07
 276.06
 277.06
 278.07
 279.07
 280.06
 281.07
 282.09
 283.08
 284.08
 285.07
 286.07
 287.06
 288.06
 289.07
 290.06
 291.07
 292.07
 293.07
 294.07
 295.07
 296.08
 297.08
 298.08
 299.06
 300.08
 301.08
 302.07
 303.06
 304.07
 305.07
 306.08
 307.07
 308.06
 309.08
 310.08
 311.08
 312.08
 313.07
 314.06
 315.06
 316.06
 317.07
 318.06
 319.06
 320.07
 321.08
 322.08
 323.07
 324.06
 325.06
 326.07
 327.08
 328.07
 329.08
 330.08
 331.06
 332.08
 333.08
 334.09
 335.08
 336.08
 337.09
 338.08
 339.07
 340.07
 341.06
 342.07
 343.07
 344.07
 345.07
 346.07
 347.07
 348.08
 349.08
 350.08
 351.07
 352.08
 353.08
 354.06
 355.07
 356.07
 357.06
 358.07
 359.09
