   1.00
   1.99
   3.00
   4.00
   5.00
   6.00
   6.99
   8.01
   9.00
  10.00
  10.99
  12.01
  13.01
  14.01
  14.99
  16.00
  16.99
  18.00
  19.00
  19.99
  20.99
  22.01
  23.00
  23.99
  25.00
  26.00
  27.00
  28.00
  29.00
  30.00
  31.01
  31.99
  32.99
  34.01
  35.00
  36.00
  37.00
  37.99
  39.00
  40.01
  41.00
  42.00
  43.01
  44.00
  45.00
  45.99
  46.99
  47.99
  49.00
  50.00
  50.99
  51.99
  52.99
  54.00
  54.99
  56.01
  57.00
  58.00
  59.00
  60.00
  61.01
  62.00
  63.01
  64.00
  64.99
  66.01
  67.00
  68.00
  68.99
  70.00
  70.99
  72.00
  73.01
  74.00
  74.99
  75.99
  77.00
  78.00
  79.01
  80.00
  81.00
  82.01
  83.00
  84.00
  85.00
  86.00
  87.00
  87.99
  88.99
  90.00
  91.01
  92.00
  93.00
  94.00
  95.01
  96.00
  96.99
  98.01
  99.00
 100.01
 101.00
 102.01
 102.99
 104.01
 104.99
 105.98
 107.01
 108.00
 108.99
 110.01
 111.01
 112.00
 112.99
 113.99
 115.00
 116.00
 117.01
 118.00
 119.00
 120.00
 121.00
 122.01
 122.99
 124.00
 125.00
 126.00
 127.00
 128.00
 128.99
 130.00
 131.00
 132.01
 133.01
 134.00
 135.01
 135.99
 137.00
 138.00
 138.99
 140.00
 141.00
 142.00
 142.99
 143.99
 145.00
 145.99
 147.00
 147.99
 149.00
 149.99
 151.00
 151.99
 153.00
 154.00
 154.99
 155.99
 157.00
 157.99
 159.01
 159.99
 161.01
 162.00
 162.99
 164.00
 165.00
 165.99
 166.99
 168.00
 168.99
 170.00
 171.00
 171.99
 173.00
 174.00
 175.01
 176.00
 177.01
 178.00
 179.01
 180.00
 181.01
 181.98
 183.00
 184.00
 185.00
 185.99
 187.01
 187.99
 188.99
 190.00
 191.00
 192.01
 193.00
 194.00
 194.99
 196.00
 196.99
 198.00
 199.00
 199.99
 201.01
 202.00
 202.99
 204.01
 205.00
 206.00
 207.00
 207.99
 208.99
 210.00
 211.00
 212.00
 213.01
 214.00
 215.01
 216.00
 217.00
 218.01
 219.00
 220.00
 221.00
 222.01
 223.01
 224.00
 224.99
 225.99
 227.00
 228.00
 228.99
 229.99
 231.01
 232.00
 233.00
 234.00
 235.00
 236.01
 237.01
 238.00
 239.01
 240.00
 240.99
 242.00
 242.99
 244.01
 244.99
 245.99
 247.00
 248.00
 249.01
 250.00
 251.00
 252.00
 253.01
 254.00
 255.00
 256.01
 257.00
 258.01
 259.01
 260.00
 261.00
 262.00
 263.01
 264.01
 265.01
 266.00
 267.00
 268.01
 269.00
 270.00
 271.00
 271.99
 272.99
 274.00
 275.00
 276.00
 277.01
 278.00
 278.98
 280.01
 281.01
 282.02
 283.00
 284.00
 285.00
 285.99
 286.99
 287.99
 289.00
 290.01
 291.01
 291.99
 293.01
 293.99
 295.00
 296.01
 297.00
 297.99
 298.99
 300.00
 301.00
 301.99
 303.00
 304.00
 304.99
 306.00
 307.01
 308.00
 308.98
 310.01
 311.00
 312.00
 313.01
 314.00
 315.00
 316.00
 317.00
 318.01
 318.99
 319.99
 321.00
 322.00
 323.00
 323.99
 324.99
 325.99
 327.00
 328.00
 329.01
 330.00
 331.00
 332.01
 333.00
 334.01
 335.00
 336.00
 336.99
 338.01
 339.00
 340.00
 340.99
 341.99
 343.00
 343.99
 345.00
 346.00
 347.00
 348.00
 349.01
 350.00
 351.00
 352.00
 352.99
 353.99
 355.00
 356.00
 357.00
 358.00
 358.99
 359.99
