   0.46
   1.47
   2.44
   3.47
   4.43
   5.46
   6.46
   7.42
   8.41
   9.45
  10.44
  11.43
  12.43
  13.44
  14.45
  15.44
  16.45
  17.45
  18.43
  19.44
  20.44
  21.44
  22.45
  23.42
  24.43
  25.44
  26.44
  27.47
  28.43
  29.45
  30.44
  31.43
  32.44
  33.45
  34.46
  35.45
  36.45
  37.44
  38.43
  39.43
  40.44
  41.45
  42.46
  43.44
  44.43
  45.44
  46.45
  47.44
  48.45
  49.46
  50.44
  51.46
  52.44
  53.44
  54.44
  55.44
  56.45
  57.45
  58.44
  59.44
  60.44
  61.44
  62.44
  63.47
  64.42
  65.44
  66.43
  67.45
  68.44
  69.43
  70.44
  71.47
  72.45
  73.46
  74.46
  75.45
  76.41
  77.44
  78.44
  79.44
  80.44
  81.47
  82.47
  83.47
  84.44
  85.41
  86.42
  87.44
  88.44
  89.45
  90.44
  91.44
  92.47
  93.46
  94.46
  95.40
  96.42
  97.44
  98.45
  99.47
 100.43
 101.44
 102.44
 103.44
 104.44
 105.45
 106.44
 107.45
 108.45
 109.45
 110.45
 111.43
 112.45
 113.44
 114.46
 115.46
 116.46
 117.44
 118.45
 119.44
 120.44
 121.45
 122.45
 123.45
 124.44
 125.45
 126.45
 127.45
 128.45
 129.45
 130.47
 131.42
 132.43
 133.44
 134.46
 135.46
 136.45
 137.44
 138.46
 139.45
 140.45
 141.44
 142.44
 143.45
 144.44
 145.44
 146.45
 147.46
 148.46
 149.45
 150.44
 151.44
 152.44
 153.46
 154.45
 155.46
 156.42
 157.43
 158.44
 159.44
 160.45
 161.45
 162.46
 163.45
 164.45
 165.43
 166.46
 167.45
 168.44
 169.43
 170.44
 171.45
 172.46
 173.47
 174.44
 175.43
 176.46
 177.44
 178.45
 179.45
 180.45
 181.44
 182.45
 183.44
 184.45
 185.45
 186.46
 187.45
 188.44
 189.44
 190.46
 191.45
 192.45
 193.45
 194.44
 195.44
 196.45
 197.45
 198.43
 199.43
 200.44
 201.46
 202.46
 203.44
 204.46
 205.45
 206.44
 207.45
 208.45
 209.44
 210.45
 211.45
 212.46
 213.43
 214.44
 215.44
 216.45
 217.46
 218.46
 219.45
 220.44
 221.44
 222.45
 223.44
 224.45
 225.44
 226.43
 227.48
 228.45
 229.44
 230.47
 231.46
 232.44
 233.46
 234.44
 235.45
 236.45
 237.45
 238.45
 239.44
 240.44
 241.45
 242.43
 243.46
 244.44
 245.45
 246.45
 247.45
 248.46
 249.43
 250.43
 251.47
 252.45
 253.47
 254.43
 255.46
 256.44
 257.45
 258.44
 259.44
 260.43
 261.43
 262.45
 263.47
 264.46
 265.44
 266.45
 267.46
 268.44
 269.43
 270.44
 271.44
 272.46
 273.47
 274.47
 275.44
 276.45
 277.44
 278.45
 279.46
 280.43
 281.44
 282.47
 283.45
 284.43
 285.43
 286.43
 287.46
 288.47
 289.46
 290.43
 291.43
 292.45
 293.45
 294.47
 295.49
 296.45
 297.44
 298.44
 299.45
 300.45
 301.44
 302.44
 303.46
 304.43
 305.46
 306.44
 307.43
 308.44
 309.44
 310.47
 311.43
 312.44
 313.43
 314.43
 315.45
 316.47
 317.46
 318.46
 319.46
 320.45
 321.42
 322.43
 323.45
 324.46
 325.45
 326.44
 327.43
 328.45
 329.45
 330.43
 331.44
 332.42
 333.45
 334.45
 335.46
 336.45
 337.43
 338.46
 339.43
 340.43
 341.45
 342.46
 343.45
 344.46
 345.45
 346.45
 347.43
 348.45
 349.44
 350.44
 351.45
 352.44
 353.45
 354.45
 355.43
 356.43
 357.43
 358.45
 359.47
