   0.46
   1.45
   2.44
   3.45
   4.47
   5.45
   6.46
   7.44
   8.44
   9.46
  10.46
  11.47
  12.46
  13.43
  14.42
  15.42
  16.45
  17.44
  18.43
  19.46
  20.45
  21.46
  22.47
  23.45
  24.44
  25.43
  26.44
  27.45
  28.45
  29.46
  30.46
  31.45
  32.44
  33.45
  34.48
  35.46
  36.45
  37.45
  38.44
  39.44
  40.45
  41.46
  42.45
  43.43
  44.46
  45.47
  46.46
  47.46
  48.46
  49.44
  50.45
  51.44
  52.46
  53.46
  54.44
  55.46
  56.45
  57.47
  58.45
  59.44
  60.45
  61.44
  62.43
  63.45
  64.43
  65.43
  66.44
  67.47
  68.46
  69.44
  70.46
  71.44
  72.45
  73.45
  74.48
  75.46
  76.45
  77.46
  78.44
  79.42
  80.42
  81.45
  82.47
  83.47
  84.44
  85.45
  86.44
  87.45
  88.43
  89.47
  90.44
  91.45
  92.45
  93.46
  94.47
  95.45
  96.45
  97.44
  98.44
  99.44
 100.45
 101.47
 102.47
 103.45
 104.46
 105.44
 106.44
 107.45
 108.46
 109.45
 110.45
 111.43
 112.47
 113.46
 114.44
 115.44
 116.46
 117.46
 118.46
 119.46
 120.44
 121.46
 122.45
 123.46
 124.45
 125.43
 126.45
 127.44
 128.46
 129.46
 130.45
 131.45
 132.43
 133.44
 134.46
 135.45
 136.45
 137.44
 138.45
 139.46
 140.46
 141.43
 142.44
 143.45
 144.44
 145.46
 146.46
 147.45
 148.46
 149.44
 150.45
 151.45
 152.42
 153.44
 154.44
 155.47
 156.46
 157.44
 158.43
 159.44
 160.46
 161.46
 162.46
 163.46
 164.45
 165.45
 166.43
 167.45
 168.45
 169.45
 170.46
 171.45
 172.46
 173.46
 174.46
 175.44
 176.43
 177.43
 178.46
 179.46
 180.45
 181.46
 182.46
 183.45
 184.46
 185.47
 186.46
 187.43
 188.42
 189.45
 190.46
 191.46
 192.44
 193.46
 194.46
 195.45
 196.44
 197.43
 198.45
 199.44
 200.45
 201.43
 202.45
 203.45
 204.44
 205.45
 206.47
 207.45
 208.47
 209.45
 210.46
 211.47
 212.45
 213.44
 214.45
 215.45
 216.46
 217.47
 218.47
 219.45
 220.44
 221.45
 222.45
 223.43
 224.45
 225.46
 226.44
 227.46
 228.45
 229.44
 230.46
 231.44
 232.45
 233.46
 234.46
 235.45
 236.45
 237.45
 238.45
 239.45
 240.46
 241.44
 242.46
 243.46
 244.46
 245.45
 246.46
 247.46
 248.43
 249.44
 250.46
 251.47
 252.45
 253.45
 254.45
 255.45
 256.46
 257.46
 258.47
 259.44
 260.46
 261.46
 262.46
 263.44
 264.44
 265.44
 266.44
 267.45
 268.46
 269.45
 270.45
 271.43
 272.44
 273.46
 274.46
 275.45
 276.46
 277.45
 278.43
 279.45
 280.47
 281.46
 282.46
 283.46
 284.44
 285.44
 286.45
 287.44
 288.47
 289.44
 290.43
 291.44
 292.46
 293.46
 294.44
 295.47
 296.45
 297.46
 298.44
 299.46
 300.45
 301.44
 302.45
 303.44
 304.45
 305.45
 306.45
 307.45
 308.46
 309.44
 310.45
 311.47
 312.44
 313.44
 314.45
 315.46
 316.45
 317.46
 318.46
 319.45
 320.45
 321.46
 322.45
 323.45
 324.43
 325.46
 326.48
 327.45
 328.45
 329.44
 330.44
 331.44
 332.44
 333.48
 334.47
 335.44
 336.44
 337.43
 338.45
 339.45
 340.48
 341.46
 342.45
 343.43
 344.44
 345.44
 346.45
 347.48
 348.46
 349.43
 350.44
 351.44
 352.46
 353.47
 354.45
 355.44
 356.45
 357.43
 358.44
 359.46
