   0.44
   1.48
   2.44
   3.44
   4.44
   5.44
   6.45
   7.46
   8.45
   9.46
  10.44
  11.46
  12.45
  13.42
  14.45
  15.45
  16.45
  17.44
  18.45
  19.44
  20.46
  21.46
  22.44
  23.43
  24.46
  25.45
  26.45
  27.45
  28.44
  29.45
  30.45
  31.47
  32.44
  33.44
  34.45
  35.45
  36.46
  37.46
  38.44
  39.42
  40.44
  41.43
  42.44
  43.44
  44.45
  45.45
  46.46
  47.47
  48.45
  49.44
  50.45
  51.46
  52.42
  53.45
  54.45
  55.44
  56.46
  57.45
  58.46
  59.43
  60.45
  61.44
  62.45
  63.45
  64.44
  65.45
  66.44
  67.45
  68.44
  69.44
  70.46
  71.45
  72.47
  73.46
  74.45
  75.45
  76.44
  77.44
  78.46
  79.45
  80.42
  81.45
  82.47
  83.45
  84.46
  85.44
  86.43
  87.43
  88.45
  89.46
  90.46
  91.46
  92.44
  93.44
  94.47
  95.45
  96.43
  97.45
  98.44
  99.44
 100.44
 101.45
 102.45
 103.44
 104.44
 105.45
 106.45
 107.44
 108.44
 109.44
 110.43
 111.44
 112.46
 113.45
 114.46
 115.44
 116.44
 117.45
 118.45
 119.46
 120.45
 121.43
 122.45
 123.47
 124.46
 125.45
 126.44
 127.45
 128.45
 129.44
 130.45
 131.44
 132.42
 133.40
 134.45
 135.48
 136.47
 137.46
 138.43
 139.43
 140.44
 141.44
 142.44
 143.44
 144.45
 145.45
 146.44
 147.43
 148.43
 149.45
 150.45
 151.45
 152.42
 153.43
 154.44
 155.44
 156.45
 157.46
 158.46
 159.44
 160.46
 161.43
 162.45
 163.45
 164.45
 165.42
 166.45
 167.45
 168.48
 169.44
 170.44
 171.44
 172.42
 173.44
 174.45
 175.45
 176.46
 177.45
 178.44
 179.45
 180.46
 181.44
 182.43
 183.44
 184.44
 185.46
 186.47
 187.45
 188.44
 189.45
 190.42
 191.44
 192.45
 193.45
 194.47
 195.45
 196.44
 197.45
 198.44
 199.44
 200.44
 201.46
 202.45
 203.44
 204.46
 205.44
 206.45
 207.45
 208.44
 209.44
 210.45
 211.44
 212.44
 213.43
 214.44
 215.45
 216.45
 217.45
 218.45
 219.42
 220.45
 221.44
 222.45
 223.45
 224.44
 225.46
 226.44
 227.46
 228.43
 229.45
 230.45
 231.44
 232.46
 233.47
 234.43
 235.46
 236.46
 237.44
 238.45
 239.46
 240.44
 241.44
 242.44
 243.46
 244.44
 245.46
 246.46
 247.45
 248.44
 249.44
 250.46
 251.44
 252.46
 253.45
 254.46
 255.42
 256.44
 257.44
 258.45
 259.47
 260.45
 261.45
 262.45
 263.44
 264.45
 265.44
 266.44
 267.46
 268.41
 269.46
 270.43
 271.46
 272.46
 273.44
 274.47
 275.45
 276.45
 277.43
 278.45
 279.47
 280.46
 281.43
 282.44
 283.43
 284.46
 285.46
 286.47
 287.44
 288.45
 289.44
 290.43
 291.43
 292.44
 293.44
 294.46
 295.44
 296.46
 297.45
 298.44
 299.44
 300.44
 301.45
 302.44
 303.46
 304.44
 305.46
 306.45
 307.45
 308.45
 309.45
 310.45
 311.44
 312.45
 313.45
 314.46
 315.44
 316.44
 317.46
 318.45
 319.45
 320.48
 321.45
 322.44
 323.45
 324.44
 325.46
 326.45
 327.46
 328.44
 329.43
 330.45
 331.45
 332.45
 333.43
 334.44
 335.45
 336.47
 337.46
 338.46
 339.43
 340.44
 341.42
 342.47
 343.44
 344.47
 345.48
 346.47
 347.43
 348.43
 349.45
 350.43
 351.44
 352.47
 353.44
 354.44
 355.43
 356.46
 357.44
 358.44
 359.45
