   0.08
   1.07
   2.07
   3.06
   4.07
   5.07
   6.05
   7.06
   8.06
   9.07
  10.07
  11.07
  12.07
  13.07
  14.08
  15.07
  16.07
  17.07
  18.07
  19.07
  20.07
  21.08
  22.08
  23.08
  24.07
  25.05
  26.04
  27.07
  28.07
  29.06
  30.05
  31.06
  32.07
  33.06
  34.07
  35.07
  36.07
  37.07
  38.08
  39.07
  40.06
  41.06
  42.07
  43.07
  44.06
  45.07
  46.06
  47.07
  48.07
  49.07
  50.06
  51.06
  52.06
  53.06
  54.06
  55.06
  56.07
  57.07
  58.07
  59.06
  60.06
  61.08
  62.07
  63.07
  64.08
  65.09
  66.07
  67.07
  68.07
  69.09
  70.07
  71.06
  72.07
  73.07
  74.08
  75.07
  76.06
  77.06
  78.06
  79.08
  80.08
  81.07
  82.07
  83.08
  84.08
  85.07
  86.07
  87.07
  88.06
  89.07
  90.08
  91.08
  92.08
  93.08
  94.07
  95.07
  96.06
  97.07
  98.08
  99.08
 100.07
 101.07
 102.08
 103.07
 104.07
 105.08
 106.07
 107.07
 108.08
 109.08
 110.08
 111.07
 112.07
 113.07
 114.08
 115.08
 116.08
 117.07
 118.06
 119.05
 120.06
 121.06
 122.07
 123.07
 124.07
 125.08
 126.09
 127.09
 128.07
 129.06
 130.07
 131.08
 132.07
 133.06
 134.06
 135.07
 136.07
 137.07
 138.07
 139.06
 140.07
 141.08
 142.08
 143.07
 144.06
 145.08
 146.07
 147.07
 148.07
 149.07
 150.08
 151.07
 152.07
 153.07
 154.07
 155.07
 156.07
 157.08
 158.07
 159.07
 160.08
 161.08
 162.07
 163.10
 164.06
 165.08
 166.08
 167.08
 168.07
 169.07
 170.07
 171.07
 172.07
 173.07
 174.07
 175.07
 176.06
 177.07
 178.08
 179.08
 180.08
 181.07
 182.05
 183.05
 184.07
 185.08
 186.08
 187.07
 188.06
 189.07
 190.08
 191.07
 192.08
 193.08
 194.07
 195.07
 196.07
 197.06
 198.06
 199.07
 200.09
 201.07
 202.07
 203.07
 204.08
 205.08
 206.07
 207.08
 208.08
 209.06
 210.06
 211.06
 212.07
 213.07
 214.07
 215.07
 216.07
 217.08
 218.08
 219.08
 220.08
 221.07
 222.08
 223.07
 224.06
 225.07
 226.07
 227.06
 228.07
 229.08
 230.08
 231.07
 232.07
 233.07
 234.07
 235.09
 236.07
 237.07
 238.07
 239.06
 240.06
 241.08
 242.07
 243.08
 244.08
 245.07
 246.05
 247.07
 248.08
 249.08
 250.07
 251.06
 252.07
 253.06
 254.08
 255.08
 256.07
 257.08
 258.06
 259.07
 260.07
 261.07
 262.07
 263.08
 264.09
 265.07
 266.06
 267.06
 268.08
 269.08
 270.07
 271.08
 272.07
 273.06
 274.06
 275.07
 276.09
 277.08
 278.06
 279.07
 280.07
 281.07
 282.09
 283.08
 284.06
 285.07
 286.08
 287.08
 288.08
 289.07
 290.07
 291.07
 292.07
 293.07
 294.07
 295.05
 296.07
 297.08
 298.07
 299.07
 300.07
 301.07
 302.08
 303.09
 304.07
 305.07
 306.07
 307.07
 308.06
 309.06
 310.06
 311.06
 312.07
 313.07
 314.07
 315.05
 316.04
 317.07
 318.07
 319.06
 320.07
 321.07
 322.06
 323.07
 324.06
 325.05
 326.06
 327.07
 328.07
 329.07
 330.07
 331.07
 332.07
 333.08
 334.08
 335.07
 336.07
 337.05
 338.07
 339.08
 340.08
 341.08
 342.08
 343.08
 344.07
 345.07
 346.08
 347.08
 348.07
 349.06
 350.05
 351.06
 352.07
 353.08
 354.08
 355.08
 356.07
 357.06
 358.07
 359.08
