   0.44
   1.48
   2.48
   3.45
   4.44
   5.44
   6.44
   7.48
   8.45
   9.45
  10.44
  11.43
  12.47
  13.44
  14.46
  15.45
  16.44
  17.44
  18.44
  19.46
  20.46
  21.46
  22.46
  23.44
  24.47
  25.44
  26.46
  27.46
  28.46
  29.45
  30.44
  31.45
  32.45
  33.46
  34.44
  35.44
  36.44
  37.46
  38.44
  39.45
  40.46
  41.44
  42.44
  43.45
  44.46
  45.47
  46.45
  47.46
  48.45
  49.45
  50.43
  51.46
  52.46
  53.46
  54.44
  55.44
  56.44
  57.46
  58.44
  59.44
  60.44
  61.45
  62.45
  63.44
  64.44
  65.43
  66.43
  67.46
  68.46
  69.46
  70.46
  71.45
  72.46
  73.46
  74.45
  75.45
  76.46
  77.45
  78.47
  79.46
  80.44
  81.45
  82.43
  83.44
  84.45
  85.47
  86.45
  87.45
  88.45
  89.43
  90.44
  91.47
  92.46
  93.45
  94.45
  95.43
  96.45
  97.44
  98.45
  99.46
 100.46
 101.46
 102.45
 103.44
 104.44
 105.44
 106.46
 107.44
 108.46
 109.46
 110.46
 111.45
 112.45
 113.43
 114.45
 115.45
 116.46
 117.46
 118.46
 119.46
 120.43
 121.45
 122.44
 123.43
 124.46
 125.45
 126.44
 127.45
 128.44
 129.44
 130.43
 131.47
 132.45
 133.43
 134.46
 135.44
 136.45
 137.44
 138.46
 139.45
 140.45
 141.45
 142.45
 143.45
 144.47
 145.45
 146.44
 147.44
 148.44
 149.45
 150.45
 151.45
 152.45
 153.45
 154.46
 155.44
 156.43
 157.44
 158.44
 159.43
 160.46
 161.46
 162.45
 163.45
 164.45
 165.45
 166.45
 167.45
 168.45
 169.44
 170.46
 171.44
 172.45
 173.45
 174.43
 175.46
 176.43
 177.45
 178.44
 179.44
 180.46
 181.45
 182.43
 183.46
 184.46
 185.47
 186.45
 187.46
 188.45
 189.46
 190.44
 191.44
 192.46
 193.46
 194.44
 195.45
 196.45
 197.46
 198.43
 199.45
 200.44
 201.44
 202.44
 203.47
 204.46
 205.45
 206.46
 207.44
 208.45
 209.46
 210.43
 211.45
 212.47
 213.46
 214.45
 215.45
 216.44
 217.45
 218.46
 219.45
 220.44
 221.44
 222.45
 223.45
 224.46
 225.45
 226.44
 227.46
 228.46
 229.46
 230.46
 231.45
 232.46
 233.44
 234.46
 235.45
 236.45
 237.45
 238.45
 239.44
 240.44
 241.45
 242.45
 243.44
 244.46
 245.45
 246.45
 247.45
 248.43
 249.44
 250.47
 251.47
 252.47
 253.42
 254.41
 255.43
 256.44
 257.45
 258.47
 259.45
 260.43
 261.45
 262.44
 263.46
 264.44
 265.45
 266.46
 267.46
 268.47
 269.45
 270.43
 271.44
 272.44
 273.46
 274.46
 275.45
 276.46
 277.45
 278.44
 279.45
 280.43
 281.44
 282.44
 283.44
 284.46
 285.44
 286.46
 287.45
 288.43
 289.46
 290.45
 291.46
 292.45
 293.44
 294.44
 295.44
 296.46
 297.46
 298.47
 299.45
 300.44
 301.44
 302.47
 303.45
 304.45
 305.45
 306.44
 307.45
 308.45
 309.44
 310.44
 311.45
 312.46
 313.43
 314.47
 315.46
 316.44
 317.47
 318.45
 319.44
 320.46
 321.44
 322.44
 323.42
 324.45
 325.45
 326.45
 327.45
 328.44
 329.45
 330.45
 331.44
 332.45
 333.44
 334.45
 335.45
 336.45
 337.45
 338.44
 339.45
 340.48
 341.47
 342.44
 343.46
 344.44
 345.43
 346.44
 347.47
 348.46
 349.45
 350.44
 351.45
 352.43
 353.44
 354.44
 355.46
 356.44
 357.43
 358.44
 359.45
